1718515
2774146
3676930
4497795
7074615
8028343
8028343
9127690
9411041
9529480
10872386
12915521
17138871
21024810
21797044
22613731
24504480
26734674
27708486
31927952
34280627
35932372
39031859
39319408
45049060
49531259
53262116
58323345
65328456
67929318
81606568
81606568
88012458
89143883
94870775
96286658
97501660
99815271
100614631
106382335
107700310
113661668
118641804
125717338
129208542
129208542
129208542
129208542
129208542
161099989
163104674
179189984
194322133
194322133
226173663
241215063
243866673
243866673
246058637
246058637
246058637
246058637
246058637
246058637
246058637
246356480
252616645
255031652
274923322
278272227
281055468
281237024
292239150
295302015
298029381
299714631
303739892
312796313
313122825
313602591
324285825
325378405
329890422
333023914
337479770
346598811
351664153
360650475
362064353
368940727
372315265
372613516
378014890
381337492
381857586
382103399
382485241
391831644
393694660
399227031
399335277
400868994
402344021
404311320
413600435
413600435
413600435
413600435
414837784
421152335
432572586
435363129
438685913
439018214
440609380
442066311
444496945
445990450
450462600
452320248
457211301
473217780
474701778
484271917
486572030
487242274
487975441
494916334
494927708
497654448
498543029
498761013
499441785
510862371
514139807
515279154
517088787
518547823
523033821
523069406
523069406
527232406
540034319
545961370
597327938
600243824
604243751
605372182
612444524
621747036
621747036
626839395
628890247
629163458
630896801
631093549
640989150
640989150
646196285
671525913
688499435
690006404
691186833
695971761
699448096
700120009
1055960476
1102496176
1125156786
1125156786
1163382384
1176650348
1177988878
1218863484
1233260542
1233287755
1317882237
1357750014
1367710471
1376682929
1394061764
1458587770
1459936932
1462017045
1485026278
1522197595
1527276382
1598164915
1598326314
1633569649
1646564038
1646564038
1669935561
1672994020
1676790197
1679240976
1679308112
1684754060
1684754060
1684893225
1686545541
1711792946
1727725776
1764259693
1826488347
1834384484
1860513723
1860513723
1869317342
1887370740
1897506346
1897506346
1897506346
1897506346
1897506346
1922681718
1960000756
1975588138
1979060326
1983833106
2088448685
2109759109
3461572458449032
3461578192062640
3461578192062640
3461578489858653
3461579133684287
3461581939673840
3492972723177699
3493080493722433
3493086084729802
3493093892426066
3493093892426066
3493106540350072
3493109499431493
3493123967682704
3493127782402430
3493129585953386
3493129585953386
3493129585953386
3493137005677523
3493138794547262
3493139711003547
3493141701200188
3493257216526485
3493269723941302
3493294245939212
3494354951867164
3494364435187895
3494371722791693
3494372710549866
3494376401537269
3494377678703451
3537122501855652
3546374979193824
3546374979193824
3546380610046543
3546386259773926
3546390198225694
3546555510425619
3546555827095866
3546560270961225
3546560858163284
3546565362846397
3546565763402122
3546568183515698
3546568472922591
3546577757014071
3546581882112555
3546583884892177
3546588899183479
3546590140696718
3546592112019480
3546594448247681
3546596109191241
3546596186786652
3546596186786652
3546598558665392
3546600255260763
3546613146454695
3546614673180720
3546620618607254
3546620933179410
3546623242144436
3546623630117788
3546624072616305
3546624544475769
3546628705224916
3546636219321212
3546636538088397
3546636538088397
3546638622656840
3546638767360238
3546641294429109
3546642221369354
3546645784430805
3546647468443664
3546648772872569
3546649257314847
3546657532677029
3546658337982832
3546659298478106
3546659298478106
3546659386558977
3546659386558977
3546661601151082
3546662700059543
3546663442450659
3546665074035313
3546671086569823
3546671187233264
3546671191427401
3546671191427401
3546671459862982
3546672149826092
3546673213082155
3546676081986071
3546676614662629
3546676614662629
3546677378025591
3546678418213767
3546678558722882
3546680408410729
3546683185039770
3546692303456312
3546692592863858
3546692645292795
3546693760977023
3546693760977023
3546693763074265
3546693849057618
3546694281071344
3546695583402569
3546695608568346
3546695893780933
3546696357251317
3546697940601210
3546699440064725
3546700635441718
3546704949283429
3546707310676955
3546707524585860
3546708178897216
3546708178897216
3546708178897216
3546708417972346
3546709357496373
3546709705623697
3546712754883306
3546715208550615
3546716152269657
3546716152269657
3546725530733163
3546726623348764
3546726625446599
3546727877445857
3546730339502584
3546732522637604
3546733906757989
3546739275467712
3546739659245956
3546740932216872
3546741024491993
3546741626375125
3546742437972712
3546743402662620
3546743771761211
3546744293952064
3546747567606054
3546748773468332
3546749308242235
3546749773809949
3546750103062634
3546751698995958
3546754853112397
3546755287223179
3546755721333236
3546759429097702
3546760119060995
3546761448655097
3546763113793904
3546763348675455
3546764346919474
3546764449680016
3546765280152355
3546765385009579
3546766622329528
3546766903347972
3546766909638923
3546767954020780
3546768253913139
3546769801611870
3546769826777206
3546770843895889
3546770984405136
3546771141691503
3546771334629962
3546771334629962
3546771334629962
3546771561122606
3546771869403163
3546772897008027
3546773043808525
3546773440170300
3546774627158256
3546774872525211
3546775705094444
3546776051124761
3546776344725812
3546776344725812
3546776661395517
3546777330387515
3546777355552927
3546778964069242
3546779362527519
3546779362527519
3546779362527519
3546779362527519
3546779362527519
3546779505134549
3546779911981547
3546779916175915
3546780130085349
3546780499183909
3546780515960879
3546780931197921
3546781409347889
3546782661347753
3546782898326175
3546784215337441

1897506346
129208542