87378040
419654153
350013717
16797369
690041059
3546555818707880
2084006398
445690743
397891540
537464636
526877516
2074763621
1043805774
1819493521
3546380444371688
3546592934103209
255220049
1087142647
1646767216
1882763822
3546612318079839
324461397
3546644324813161
3546594425178285
13434620
3493263478622256
487874
1109338879
3546635430791780
651539431
276087954
357199443
1620345555
2705870
223953680
471975576
494594133
3537106072766950
11134116
33916512
179793788
24263745
3546695583402569
325924176
359338040
3461582520584896
3546642292672919
19679101
487867143
314026807
1810822787
3546704229960558
3546660944743031
3493259724720318
19571136
3546604162255251
194226602
387814104
487975441
1771433947
373751463
702931000
500353136
472528224
521138933
474936406
37301678
445707546
210447643
3546613245020725
631323736
1738751983
2911368
3546385030842870
3546702378175062
3546608811641160
302406847
1393504860
66610502
3494361524341138
1267360362
527210928
1108778798
1483142272
594999199
2094372312
367482896
3546634566765034
1068984679
3546617412062062
3262462
353240606
3493261461162342
39052768
290832780
1399400032
3537122063551091
336759667
13609064
370076090
499526817
19094061
3546617282038627
20311254
20619252
3546634287843720
3493093269571963
646567372
443112827
22214217
455317123
3493080493722433
418020241
3546555489454245
1940702417
3004451
3546639211956419
3546632373143639
440749808
1758417623
696098748
3546687041701996
3546684325890691
743482
628355266
13974392
1625447074
3546606114704145
57217475
375252071
1672994020
198437016
3546594498578700
1111500850
366281942
87343587
1784653925
8028343
3493116212414780
14174954
694082221
381588518
40669195
1291182674
3546595058518719
3546638761069505
699886349
3493139184618050
151336429
18782195
455739781
3546385997629579
490726739
167207099
3494363199965345
29985556
2019672960
74598876
369491579
3546608203467630
9991441
433719928
384996574
1370058919
3546686565648956
1975422206
1111882696
352859345
2072586344
1891816623
2096377756
3546594892843988
384692141
233572908
81055168
3493260106402540
1727725776
1247173616
640989150
396562521
345923501
3493285454678673
23128836
1697714160
3546645423720486
388985212
380881419
3546623246338083
3546683656899339
3546597025647308
3493145308301838
37281318
1504656229
352616521
3493262430046688
392660513
3546594993506925
416297994
3546620933179410
1731245340
2028841627
3546647323741075
3546645941717795
442965166
1138960612
3493095475776043
2016622
346561966
3546579420056312
12338208
2104065464
1057213717
1443957
801173
5077299
3546633390262989
3546697940601210
3546642298964408
53618176
14494157
376223640
97233126
92930253
357449706
2053153713
326094103
3461569591642628
1433598692
1180112542
3546662878317091
3546669876512964
39868638
549835918
228728674
1416096421
381857586
1554261909
7821498
3546609824566161
631334932
320494275
3546589457025411
553616674
3546649534138741
1709903
240835198
228383554
3546685940697750
501723044
3546566514182902
168915415
1031870878
439128264
242482613
35905345
631735558
662392553
397237249
617746764
1393437
1802213910
3546665063549515
3546621975464653
3494353800530334
651332498
66612385
19308863
3493267092015360
12877928
9602464
1894131534
3461564749318146
1552345508
3546645025261676
3546664895776887
3493116610873443
1305198081
3546611768625679
208860522
3546631792232655
1357649278
197798876
3493261022857470
558021443
2281846
3546675100519067
512006183
345930982
43744241
3546633807595705
1981064778
3546640107441117
3546604950784427
347262699
475196199
3546630607341830
388483809
1007892385
153360278
3546632381532663
241741992
247081307
1851872856
13386438
3546710668217250
3546609826663163
249115678
628657963
456166353
98913792
1698523492
3493095846972032
427083225
4921875
3546713822333858
2000236554
1165190664
354517154
440101144
3493287004473385
1294732829
404311320
1055960476
3493136368143229
87804707
3546557597092252
525709838
291256306
413128181
19744752
3493260435655008
508883833
3546680196597866
458038411
32133415
532720951
32368599
289370523
326726429
203351609
520065939
3546637418891414
28391381
496277835
508785371
3493134300351155
3493131163012019
245869
1188819088
3546676287507247
1519186729
129208542
3546617791646647
1326590892
3546675700304351
3546593282230964
2092534304
547060488
3546643485952343
3546609560324900
645602891
184680035
321465283
3493258810362494
3546673938696752
190904507
3546680926406957
35030862
297993336
3493282529151835
3546569972386507
3537104384559127
143836280
526698164
1211304712
287477294
108295888
686543394
3546642772920633
521715724
3546641051158696
503364332
3546642410113773
3546642399627845
8023057
1403156327
3537108450936841
3494354253515063
1650908174
11938498
1552757653
89644368
84632397
257535857
1765963971
349552221
3546645855733958
643972538
3461583221033267
1848514728
3546707310676955
383874138
66784909
2131444745
3493282759838542
3546671187233264
1798932936
652219125
608082605
695422726
26500852
3546633430108888
3546631798524488
3461576250099802
3546584428054798
1006846965
1637221860
3546662542773201
180340570
3546666200206015
486656317
35141715
3494366049995342
1432256565
3546650024872068
100629058
1840275148
245918736
1175895850
190970635
3546619356122001
22910848
1610549
3094025
677522165
1294856852
41094902
3546633300085295
1295234811
1602137858
346669999
35907426
109403448
1015857727
505963817
687171675
341477131
1586112648
3493082393741417
3546589773695421
1627798994
3493083939343153
21423897
3546634466102101
3546642382850568
3546566518377365
3546693639342214
597159429
255918719
3537104906750828
3546385299278645
3546610732632620
96497009
3537119534386001
1114125069
372253592
1303897693
3546561101433410
3546657367001616
7331920
3318173
315964436
3546556265400321
40690662
1395785669
1370996803
3546610155916169
178424999
3546646453422235
411046868
268536810
3546686116857987
488241861
3546640170354870
1750791000
3546587338902022
3546597218584642
3546390665890285
540090377
