关键词 "ACT游戏" 的UID列表：
2705870
3262462
370076090
203351609
20619252
291256306
22910848
526698164
7821498
66784909
3494363199965345
487975441
1007892385
198437016
346669999
677522165
370076090
370076090
1015857727
326094103
3493267092015360
427083225
427083225
427083225
19571136
381857586
1975422206
1055960476
381857586
228383554
370076090
22910848
22910848
66612385
677522165
370076090
520065939
388483809
1771433947
370076090
22910848
19094061

关键词 "总站" 的UID列表：
3546686565648956
433719928
397891540
631334932
39868638
1894131534
1370996803
1443957
3546704229960558
3546713822333858
242482613
646567372
3546566518377365
324461397
3546380444371688
3546665063549515
1357649278
324461397
228728674
1031870878
628355266
1399400032
1620345555
3494353800530334
352616521
40669195
1295234811
3546702378175062
1399400032
3493134300351155
3546710668217250
3546385030842870
3546630607341830
3493282759838542
3493285454678673
3546645423720486
3546702378175062
3546663899629600
3546617412062062
3546635430791780
628355266
505963817

关键词 "弹力摇" 的UID列表：
526877516
3493259724720318
241741992
366281942
3546569972386507
3493260435655008
1798932936
190970635
525709838
190970635
3546604950784427
500353136
3546584428054798
247081307
3546650024872068
3493145308301838
3493145308301838
3546693639342214
268536810
197798876
537464636
3546683656899339
57217475
3546666200206015
397237249
1294732829
32133415
190970635
3546390665890285
180340570
1483142272
743482
1552757653
500353136
3546561101433410
3546645855733958
3493095475776043
3546660944743031
233572908
3546643485952343
3493145308301838
416297994

关键词 "AKT 合集 同人" 的UID列表：
349552221
397891540
2911368
39868638
411046868
490726739
3546635430791780
13434620
494594133
357449706
695422726
3546649534138741
1111500850
3546663899629600
3546634287843720
1698523492
3546608203467630
1057213717
3546662878317091
496277835
3493263478622256
1727725776
349552221
1109338879
594999199
3493095846972032
521715724
443112827
3494354253515063
3493134300351155
3493258810362494
686543394
257535857
419654153
1602137858
3546579420056312
3546642772920633
3546682650265646
87804707
419654153
631735558
699886349

关键词 "双端黄油" 的UID列表：
3546671187233264
3546684325890691
129208542
3493083939343153
3546620933179410
1303897693
440101144
84632397
645602891
302406847
3461569591642628
3546597025647308
2104065464
35141715
3546620933179410
24263745
1697714160
14174954
418020241
521138933
3546685940697750
388985212
3546687041701996
651539431
369491579
1802213910
346561966
347262699
3546638761069505
66610502
3546597025647308
1108778798
1175895850
1840275148
3546597025647308
184680035
440101144
3546687041701996
3493093269571963
2074763621
499526817
3318173

关键词 "里番" 的UID列表：
1891816623
74598876
3461582520584896
3546613245020725
37281318
3537122063551091
77900
3546611768625679
100629058
151336429
1416096421
2084006398
3546647323741075
354517154
2028841627
3546657367001616
1504656229
3546623246338083
3546662542773201
1554261909
2028841627
96497009
455739781
1586112648
373751463
702931000
3493260106402540
1851872856
22214217
2084006398
652219125
194226602
3546686116857987
3546686116857987
3546647323741075
3493262430046688
35905345
380881419
3537104384559127
3546597218584642
3546647323741075
1981064778

关键词 "合集 黄油 同人" 的UID列表：
1303897693
302406847
210447643
24263745
3493136368143229
499526817
547060488
3493082393741417
1305198081
53618176
3493282529151835
12877928
3493083939343153
3493261461162342
345930982
1697714160
597159429
532720951
455317123
3493287004473385
153360278
508785371
1840275148
255918719
1294856852
1882763822
3546638761069505
381588518
3546619356122001
369491579
3546619356122001
3546680196597866
396562521
245918736
39052768
1709903
2000236554
290832780
413128181
1395785669
109403448
367482896

关键词 "原神 同人" 的UID列表：
3493131163012019
97233126
2131444745
3461583221033267
1114125069
3461564749318146
3493116212414780
3546644324813161
276087954
1610549
13609064
98913792
13609064
349552221
3546704229960558
1738751983
349552221
3546710668217250
3494366049995342
3546707310676955
13609064
3546640170354870
1727725776
501723044
345923501
3546640170354870
345923501
3546673938696752
5077299
3546669876512964
2281846
2053153713
3546675700304351
89644368
383874138
3546633807595705
3546664895776887
540090377
643972538
321465283
14494157
1738751983

关键词 "SLG游戏" 的UID列表：
1068984679
387814104
3094025
129208542
1247173616
440749808
549835918
249115678
32368599
223953680
474936406
3546557597092252
297993336
1370058919
662392553
8023057
3546695583402569
13386438
3546555818707880
375252071
2092534304
3537104906750828
631323736
3546610155916169
1650908174
508883833
3546675100519067
167207099
1519186729
249115678
314026807
3546680926406957
26500852
190904507
2094372312
3546555818707880
651332498
3546556265400321
1646767216
3004451
445690743
608082605

关键词 "自取 动态 评论" 的UID列表：
41094902
404311320
353240606
350013717
43744241
1552345508
472528224
7331920
1672994020
11938498
9602464
37301678
687171675
18782195
488241861
1043805774
1432256565
384996574
3461576250099802
108295888
2096377756
384692141
404311320
357199443
208860522
21423897
255220049
475196199
1627798994
1810822787
1291182674
325924176
458038411
696098748
1006846965
33916512
376223640
471975576
404311320
617746764
1111882696
486656317

关键词 "GAL游戏" 的UID列表：
1165190664
336759667
2016622
178424999
359338040
40690662
1765963971
40690662
87378040
245869
503364332
2016622
23128836
2072586344
1267360362
179793788
87343587
1393437
168915415
19308863
29985556
1326590892
1267360362
456166353
12338208
1165190664
2019672960
16797369
3493080493722433
168915415
287477294
168915415
35030862
143836280
315964436
23128836
3493261022857470
92930253
3546617791646647
179793788
178424999
1758417623

关键词 "RPG 游戏 黄油" 的UID列表：
413128181
3546555489454245
553616674
1211304712
12877928
1637221860
3546676287507247
439128264
320494275
3493139184618050
28391381
19744752
392660513
1180112542
289370523
442965166
1403156327
129208542
3493116610873443
1819493521
801173
1138960612
3546587338902022
39052768
341477131
20311254
289370523
3546385299278645
3546676287507247
167207099
487867143
512006183
1303897693
326726429
487874
3546676287507247
1784653925
19679101
35907426
1188819088
527210928
3546594498578700

关键词 "月入 代价" 的UID列表：
1625447074
3546594425178285
3546646453422235
3546606114704145
3546594993506925
445707546
3546609824566161
3546593282230964
3546634466102101
3546639211956419
3546631792232655
3546589457025411
3546609560324900
3537108450936841
3546642298964408
3546610732632620
3546621975464653
3546594892843988
3546609671473979
3546645025261676
3546631798524488
3546641051158696
3546589773695421
3546593282230964
3546609826663163
3546632373143639
3546595058518719
3546632381532663
3537106072766950
3546640107441117
3546633390262989
3546633300085295
3546633430108888
3546594425178285
3546642382850568
3546642399627845
3546612318079839
3546642292672919
3546634566765034
3546592934103209
3546617282038627
3546642410113773

