3546608811641160
1731245340
240835198
1848514728
1433598692
8028343
3546645941717795
3546637418891414
9991441
1087142647
81055168
3546697940601210
3537119534386001
1750791000
3494361524341138
3546566514182902
640989150
1940702417
1393504860
352859345
4921875
1697714160
690041059
3546385997629579
3546604162255251
3546687041701996
372253592
558021443
13974392
628657963
11134116
694082221
227979462
688499435
8028343
3493082557319753
3546561957071769
3546672149826092
477655087
8028343
3546692601251931
675229757
487867143
4765827
3546608811641160
1731245340
240835198
1433598692
3546645941717795
3546637418891414
9991441
1087142647
81055168
3546697940601210
3537119534386001
1750791000
3494361524341138
3546566514182902
452078996
3546647657188325
86137764
325544442
1686545541
3537116866808147
640989150
1940702417
1393504860
352859345
4921875
1697714160
690041059
3546385997629579
3546604162255251
3546687041701996
372253592
558021443
13974392
628657963
11134116
694082221
