 "ACT SLG ADV GAL游戏" UID：
369332515
3546642829544154
3461579209181942
3926937
3546777053563327
3546709705623697
3546725480401446
619897964
3493117024012297
19571136
1465127479
494916334
1026847559
10296452
33250747
341488503
3493086084729802
1708646944
1416729245
1247173616
111654140
3537114809502385
438212807
3546742645590635
3546764388862333
691120790
10813825
3493115824442104
1385959372
3493115824442104

 "ACT SLG ADV GAL游戏" UID：
623709969
259961287
3493115824442104
1802213910
3546764388862333
10813825
415963970
370076090
3546599349291156
3546599349291156
53618176
8023057
2426475
111654140
3493131628579208
3546761584969961
691120790
99633554
520065939
27211175
3546761584969961
249706696
451043195
310810905
1765963971
3546779664517139
1176650348
241620649
363924034
4055456

 "ACT SLG ADV GAL游戏" UID：
3546598640454576
3546598640454576
619343
3546566390451169
10355008
383831199
383831199
10355008
645909450
1228126488

 "安卓直装神作" UID：
1514251547
352485305
3461563048527899
239343186
440609380
114362622
3546670912506030
15127077
2074071341
3546779521911314
3494374210013684
1376682929
1028730877
1176650348
3546784813026252
513555193
1061882783
174980166
519712411
454980267
691120790
1788107250
440097289
419435128
631578742
3546593359825612
1367710471
1860513723
3546770680318339
3546670912506030

 "安卓直装神作" UID：
3494374210013684
3493132800887145
337479770
37369244
631578742
1759430082
114362622
3546773182220728
335157233
3546784813026252
3461565271509949
484761295
3546657425721532
11896903
458038411
3546772129450621
1027516104
1300860499
3546660923771625
344003539
179111184
1777361853
3546695583402569
3493115665058117
3546770711775744
3546688627149431
442716509
3537112540383261
3546773182220728
1874339944

 "安卓直装神作" UID：
3546657425721532
440609380
3546772129450621
3546772129450621
390006408
3546650358320040
239343186
3546784550882220
1610485128
3546672716057081
1587860860
26276136
1587860860
1587860860
1587860860
1587860860
35433992
3546687041701996
3546687041701996
3546780903934464
3546780130085349
10395096
60268727
405824281
3546777286347207
313122825
1587860860
1587860860
1587860860
1587860860

 "全动态汉化游戏" UID：
520168350
4204070
1597108950
10007515
114362622
114362622
3546687041701996
314844
3546782661347753
186487873
189053451
519975773
53683139
27013630
241215063
3546646176598282
26566594
114362622
360046931
28580766
3546572507843379
3546685162654336
503307205
3537115314915449
24705673
1403202106
3493139945883966
456201394
3546708571065035
1600672384

 "全动态汉化游戏" UID：
3546750564436489
3493084402812963
272918170
1151536766
3546601381431503
9139292
3546594448247681
1189272560
619343
3546715846085042
3546693165386233
239343186
3546779664517139
386438919
3546749566192091
35907426
360046931
3546688627149431
511983200
3546708571065035
50022492
3546715613301364
1311015865
3546602629237672
1075684569
3546673471032153
95193173
3493130001189509
3537121841252835
35907426

 "全动态汉化游戏" UID：
1743798136
3546646176598282
3546687041701996
3546775113697342
3546707566528853
3546700635441718
10007515
381503833
264281960
697539302
3546710416558871
494916334
3546594448247681
697539302
3546594448247681
1208450653
417491195
3546646176598282
3546646176598282
3537121841252835
3546555827095866
3546755553561437
3546715613301364
3546566392548181
2074071341
129208542
129208542
1116764967
3546614440397499
3546569024473612

 "崩铁同人" UID：
10671099
10671099
index.shtml?track_id=pbaes.BB27JC6Gd2Q2BSDvtOLQDc-q1sGgKVaj3knZd6P0mZ7wfdiuS_Y-17QhRE5v7m3T4uItMvwUgxLzQmjKwybxHeqmSgB2V_1294Wasyyq780&CYSCID=bil01&from_bcg=bcg_12_174542750
82802250
3546689197574925
3546761421392142
20005292
3546755721333236
600285389
23091718
1117830599
3546642221369354
access?project_id=200678891&s=44hZN9sauB7zAi1v521sJPmQQbUR&code_type=cloud&track_id=pbaes.BB27JC6Gd2Q2BSDvtOLQDc-q1sGgKVaj3knZd6P0mZ5jC81VkuvysBpoYToyiF4BY3WkQL_xvy9F8CYdWjGeuJdw_R5jj71W3_y_gG5efcM&from_bcg=bcg_12_170282017
391552730
692752291
3494365657827331
689981842
165509622
244120841
348453380
102943
3546615468001725
tracking?dap_code=ee616c4c2f1f27c809f101967e6f11d4&track_id=pbaes.BB27JC6Gd2Q2BSDvtOLQDc-q1sGgKVaj3knZd6P0mZ5a6Ua2nZt02D9UPX6QBPq1J7zGv9lcZ2Rrx7SuuxJ9qqk5-M0jljHG8bRJHlIsJbk&r=v&from_bcg=bcg_12_170273287
3546777330387515
1759081474
388734590
45996403
3494365095790831
472277133
550186475

 "崩铁同人" UID：
550186475
45996403
3493138201053286
3546610896210778
7167497
82802250
3546755721333236
694171527
426563671
325908414
476714097
3546761421392142
3546708178897216
313309022
359863790
3546615468001725
16596675
3493111732898341
3546761421392142
3537108710983746
3493138201053286
404311320
3629946
8088123
3546761421392142
3546775713483307
3493080755865759
476714097
102943
648346501

 "崩铁同人" UID：
3493086898424525
3546770453825608
3546761421392142
110906
3546755721333236
2154169
3546770453825608
1510576749
110906
474860836
298537106
498923785
3546770453825608
9669021
3546389141260762
474860836
3494369707428357
3494369707428357
27113844
102943
3546759341017910
102943
3546781363210398
110906
3546768306342398
321201227
482500548
693394197
3493143173400751
675091115

 "原神同人大佬" UID：
527408854
3546786218117839
3546775749134681
1727725776
3537122065647819
3546617925863927
3546589488482848
3546615509944913
3493116201929601
475685240
3546615509944913
93714982
486954485
3537111078669205
1727725776
3546787111504282
3546738113645029
168850650
3546394411403957
3494351749515821
324028711
3546617925863927
700822128
16038862
3546785941293895
597461
3494365095790831
3546722942847551
3546617925863927
1203981456

 "原神同人大佬" UID：
45996403
3493111732898341
3546678558722882
3546665074035313
669386706
3546378611460145
1727725776
3546782028008281
1549550569
3546740932216872
3546615509944913
1203981456
3546786092288527
3546779970702130
3546696602618482
486426632
3546619670693956
87995678
2085683699
1585251606
3546786186660425
1620832117
1979300898
2085683699
3546783122721084
22071476
43855379
3493107553274016
50997235
2129423232

 "原神同人大佬" UID：
475685240
605364111
3546787111504282
3546787237333665
3546617925863927
3546665074035313
3546636538088397
3546665074035313
3546785878379455
3546786218117839
3546617925863927
3494351749515821
3546782621502097
3546696357251317
3546735899052679
3546740932216872
3546665074035313
3546770453825608
3546775713483307
3546738113645029
3546779970702130
3546770453825608
646814842
599236650
3546764799904616
3546617925863927
3546766735575098
605364111
1719833502
3546605449906190

 "同人总站" UID：
42853238
1727725776
433719928
1727725776
1837691970
1335461955
492821923
1597108950
3546632966637623
3546658337982832
365225583
3546786218117839
1530628534
346322692
3546783527471527
335997080
432502483
1446462069
3546617925863927
3546775749134681
3546617951029556
3546617925863927
1633666681
2022251314
504835337
700822128
504835337
329547736
3546678558722882
315718862

 "同人总站" UID：
1979300898
329547736
22311233
700822128
3546617951029556
315718862
3546678558722882
2088448685
384925347
38061207
53110725
3206128
3493111732898341
1311586308
477380330
3546646472296622
501690053
58282150
3546759917734601
1459936932
3493141279672411
1805753132
1619549806
331146658
1949854568
3546740932216872
1886674585
3546785941293895
107639802
608962

 "同人总站" UID：
3546739275467712
3546739275467712
2032897021
3546739275467712
106817183
3546688344033469
3546699565893660
3493134300351155
670754379
1395981800
670754379
3493134300351155
40669195
3546658337982832
3546637911722478
3546637911722478
3546637911722478
3493278511008092
3493278511008092
3546617068128566
3546624880019962
3546624880019962
3546624880019962
3546617068128566
3546611068177177
3546617068128566
3546611068177177
3546613909817345
3546611068177177
3546564136011900

 "sodeno19新作品" UID：
2138840249
700822128
53133915
1374736847
3494375271172232
20961442
592450466
34680779
445963905
303240597
12944570
1769580664
3493087353506552
303431934
3546718725475222
895617
3546779828095950
474826824
375707045
2017120970
398095891
3537113526045132
3461582189234513
1067345710
548096997
53133915
355092712
3546629309205411
3494375271172232
53133915

 "sodeno19新作品" UID：
3546615509944913
1068579138
398095891
511045085
375707045
15166355
3494361524341138
53133915
3546713612618379
1784233110
3461581782386729
1974233292
479694982
3546605909182739
213846551
375707045
3536997073291285
52257565
303240597
1171322479
53133915
178171015
222496684
3493262365035460
329219622
1731284
204435883
323712397
1878653443
168047601

 "sodeno19新作品" UID：
303240597
3461582189234513
3537113526045132
53133915
514786134
3494375271172232
1067345710
3461581782386729
53133915
323712397

 "AKT新作品" UID：
42853238
40955233
1415280103
1727725776
474826824
439018214
504835337
1633666681
294611905
1446462069
1633928190
3546686580328892
384925347
3546394411403957
486954485
3546786218117839
3493111732898341
1805753132
3546775749134681
313964211
3494358693185618
1727725776
517196716
317794644
3546617925863927
1979300898
313309022
436986407
294611905
23091718

 "AKT新作品" UID：
645762157
523050843
294611905
436986407
3461582189234513
281083192
1882320700
446002802
492821923
3493285911857890
85398948
3537122065647819
689981842
480780848
1446462069
3546684042775326
3546678558722882
335997080
167361417
1619549806
548096997
23091718
1537015961
3546629103683759
388063299
1878653443
502123181
3546602220292513
1879027803
3546720524831370

 "AKT新作品" UID：
3546724943530439
3546724943530439
3546724943530439
3546724943530439
3546724943530439
3546724943530439
3546724943530439
3546724943530439
3546724943530439
3546724943530439
3546724943530439
3546724943530439
3546724943530439
3546724943530439
3546724943530439
3546724943530439
3546724943530439
3546724943530439
3546724943530439
3546724943530439
3546724943530439
3546724943530439
3546724943530439
3546724943530439
3546724943530439
3546724943530439
3546724943530439
3546724943530439
3546724943530439
3546724943530439

 "VICINEKO新作品" UID：
3546760119060995
1633666681
479636172
40955233
517088787
1257428014
3546617925863927
398095891
1727725776
3546394411403957
1998379350
3546775749134681
386115183
3493111732898341
492821923
1727725776
486954485
602012636
3546382839319263
3494375271172232
341996746
3546617925863927
294611905
700822128
32241075
65328456
317794644
1363212749
645762157
1979300898

 "VICINEKO新作品" UID：
1363212749
1260325944
45996403
43791565
479636172
3537122065647819
3546614666889923
1081493678
505793723
3546615509944913
3546678772632382
1083495934
3546592013453891
3546619670693956
3546379324492695
3493124716366096
3546681658313025
3461566066329622
1189709859
2085683699
3546664025459361
386115183
438613682
1606142933
1549550569
3493124716366096
3546617873434973
693555704
3546641527212478
332896928

 "VICINEKO新作品" UID：
645762157
693555704
1257428014
3546680511170936
3546678772632382
165610783
165610783
165610783
3546602220292513
602012636
3546602220292513
3493124716366096
386115183
386115183
332896928
3493124716366096
3493124716366096
2129423232
3493124716366096
3493124716366096
3493087353506552
222496684
332896928
332896928
501944830
332896928
1081493678
592450466
526269442
3461566066329622

 "rinhee yesui" UID：
2089713088
122420004
167149520
3493080921541370
303240597
1537015961
303240597
3537105013704884
326732342
303240597
37327171
303240597
3546777839995038
498119009
71141004
518834035
95193173
1849872
415411774
3493104948611433
1766067835
323712397
646196285
38541429
162589206
303240597
3493087345118007
3493109532985878
37327171
1731284

 "rinhee yesui" UID：
37327171
303240597
1731284
415411774
29150978
3546618882165308
303240597
3546658090519364
3546725469916133
1731284
303240597
3546618882165308
3546617925863927
2146823789
303240597
3546605909182739
699886349
303240597
1731284
630791961
37932465
1020047942
1020047942
5907649
1731284
1731284
1731284
476491780
351612833
53133915

 "rinhee yesui" UID：

 "帮帮我的孩子 求助 水滴筹" UID：
3546729265760417
3546572283447559
3546733600573796
3546729265760417
3546729265760417
297515310
3546634002630696
1948437062
3493140568737906
297515310
1631387908
3493140568737906
1235640290
1705932608
601587996
601302110
478235281
279941881
3546743861938193
3546574506428612
3546712398366797
3546733600573796
3493140568737906
3493140568737906
3546729265760417
3546636414356454
666843633
3546767129840080
3461570571012489
11561502

 "帮帮我的孩子 求助 水滴筹" UID：
37890241
666843633
2053912388
3493140568737906
3546767129840080
3493140568737906
3493140568737906
3461570571012489
3493294803782210
3546754903443469
3493136642869248
32163068
3546636414356454
3546697611348286
2069644796
3546729265760417
1983906218
3493140568737906
3546721887979602
2022952844
490494088
3546721887979602
3461571900606469
3493262167902559
3494353955719628
3546733409732694
3546741076921045
180359671
1681949570
1483377593

 "帮帮我的孩子 求助 水滴筹" UID：
288611835
3546634002630696
1235640290
3546574506428612
3494366211475757
1994194781
225097139
297434372
279941881
1161998570

 "小蓝鸟反差博主推荐" UID：
3546740533758030
1700841875
3546726623348764
3546771345115620
3546613700102530
1271045110
110904607
3546726623348764
3546726623348764
3546726623348764
3546726623348764
1270769295
3546759309560717
1616644482
3546755287223179
520550931
3546711853108097
3546755287223179
1666378019
6966899
3546711853108097
3546726623348764
3546780394326932
3546776244063025
3493273746278979
3546755287223179
3546755287223179
3546755287223179
3546613700102530
3546755287223179

 "小蓝鸟反差博主推荐" UID：
3546773840726709
3493110839511225
3494365460695664
3546780532738929
3546755287223179
520550931
409604529
3546771345115620
3546780629207675
302472188
3546711853108097
3494353852959145
10272440
3493140759578659
3546586372115357
22311233
476683226
1700841875
495042270
3546735316044265
3546780499183909
14055804
3546747987036469
1700841875
25929017
3546693849057618
3546755287223179
3546647785114045
3546726623348764
3493260249008840

 "小蓝鸟反差博主推荐" UID：
1700841875
3546711853108097
3546711853108097
3546774455192315
3546780648081883
3546711853108097
3546771345115620
3546771345115620
3546780648081883
3546759309560717
3546780394326932
3546711853108097
3546586372115357
3546780648081883
3546780648081883
3546780750842499
3546711853108097
3546711853108097
3546711853108097
281036831
3546711853108097
3546711853108097
3546711853108097
3546711853108097
3546711853108097
3546711853108097
3546711853108097
3546711853108097
3546711853108097
3546764313364490

 "弹力摇" UID：
526877516
57217475
3546604950784427
435771559
1798932936
3546780396423337
3546585921227710
317128624
233572908
20912836
3546737094429319
241741992
300192422
1725889117
104525467
3546390665890285
3546650024872068
3493095475776043
247081307
19511137
1786870176
2064444784
3546645855733958
26177922
525709838
3546583884892177
3546583884892177
345923501
671525913
3546764999133748

 "弹力摇" UID：
671525913
3546745388664969
457726809
190970635
454400943
197798876
3546648468785873
360090654
3546583884892177
3546583884892177
316628751
494751954
19511137
406495017
3546737094429319
3546780396423337
19511137
192323298
95755602
483889091
499605056
3546390665890285
345531035
95755602
671525913
3546583884892177
1786870176
3546584428054798
360090654
268536810

 "弹力摇" UID：
671525913
3546648468785873
3546583884892177
3546780396423337
3546780396423337
3546764999133748
671525913
3546583884892177
671525913
3546648468785873
3546583884892177
499605056
451570427
3546568183515698
3546648468785873
671525913
3546737094429319
499605056
3546648468785873
313977313
313977313
671525913
384253068
670207440
3546648468785873
3546607242972092
3546583884892177
3546737094429319
671525913
671525913

 "盯榨倒计时" UID：
34974285
1433598692
239147314
3546735567702832
13016032
506652400
3546655372609885
307310113
97501660
3546753766787602
3546734435240463
1470192972
1028091704
508176934
3546735567702832
691708088
527346785
482094725
3546644182206917
3546682375539380
3546642657577614
3546717548972575
3546724605888810
527346785
416283969
3546722108181213
3546693802920418
3546583547251306
97501660
3546774188853802

 "盯榨倒计时" UID：
181849129
3546722108181213
34974285
3537106276190293
1198056691
3546693704354214
2601399
3546754280589385
383898522
2064444784
3546737799071850
527346785
393694660
3546571541056152
3546683744979602
3546779597408903
495199273
527346785
3546683744979602
3546767597505443
3546722108181213
3546776365697430
1347703385
324826954
3546392586881641
3546683744979602
562300537
307310113
3546631286819351
2064444784

 "盯榨倒计时" UID：
3546757222894266
594649534
3546776365697430
3546757222894266
3546782164323012
3546757222894266
3546776365697430
3546757222894266
3546757222894266
1470192972
3546757222894266
3546757222894266
3546757222894266
3546757222894266
3546757222894266
3546757222894266
3546757222894266
3546757222894266
3546757222894266
3546757222894266
239147314
3546602752969542
3546602752969542
3249905
3546602752969542
13016032
487212819
487212819
487212819
487212819

 "月入代价拒绝社交" UID：
3546642282187093
3546646453422235
1490666775
3546642267507142
3546642271701846
3546647999023983
3546646201763925
3546649515264204
49839041
3546641533503496
3546650142312907
3546645299988816
3493126943542033
652239127
3493087227676917
3546652845542261
1640095931
3546715963525651
1994631314
3546639818033375
3546650154896208
3546646231124952
3546647906748978
3546645973174998
95590417
3493267054266782
3546649553013307
1640434875
3546649515264382
3546650142312520

 "月入代价拒绝社交" UID：
3546650142312520
3546604311152974
298241221
3546639813839640
478301389
3546649517361454
24502415
3546646231124952
1466447046
253537481
3537105311500944
3493143792060976
3494378830039913
3546385697737630
3546592856509096
3546375253919795
3546561418103202
3546376331856461
1339315455
3493259764566675
3494368753224474
3537108836813373
3546575485798419
1691236931
1224529610
3493273104549913
3537123810478607
3537123802089525
3493269572946248
3537109140900442

 "月入代价拒绝社交" UID：
3546645065107840
3546645107050974
3546653193669203
3546645402749911
3546645415332824
3494356239518126
3461580719131269
3546652723906878
3546652723906784
3546644712786498
3546652233173893
3546651021019821
3546645107050974
3546642282187093
3546642263312902
1379489109
3546651379632676
3546640075983026
3546642198301473
3546642338810733
3546642340907017
3546649414601348
3546645077691213
3546640099051717
3546650106661840
3546650104564179
3546649553013307
3546647978051758
3546643301403435
3546649553013615

 "原神崩铁不正经cos大电影" UID：
1928699576
317942112
3546770453825608
52250
3949877
3546701096814997
268536810
3546735899052679
3493141357267645
11742550
3066511
477131176
1755345487
11971695
317942112
6875363
486954485
7967009
6768352
3546581934541205
3949877
1607873297
606621984
2125069277
11742550
11742550
3493295042857102
11855362
13609064
11742550

 "原神崩铁不正经cos大电影" UID：
11742550
2125069277
11742550
11742550
373998252
11855362
3493295042857102
3494365095790831
32395478
766063
3493277087042285
12048463
2153376
3380239
3546730417097445
6768352
3546723418900704
7967009
3546636580031225
3546787237333665
3546731763468579
24192804
6768352
2085683699
1597718043
335122637
3493269386299764
11742550
21103516
3546583090072549

 "原神崩铁不正经cos大电影" UID：
3546770453825608
373998252
6786221
3546705377102335
485044985
130715798
2113741280
3546649609636377
651405543
37027998
1986811825
1666599
25290185

 "套路直播芃芃大人" UID：
3546636219321212
487212819
30216138
97501660
390001271
416217601
408564972
500935494
3546653954934916
487079735
3546740286294179
257651582
1454544026
97501660
3546715873347828
19559457
3546743878715508
3546689512147739
30216138
3546742890956818
498555738
487212819
421152335
421152335
36879494
97501660
421152335
3546640333933434
97501660
3546640333933434

 "套路直播芃芃大人" UID：
421152335
501190261
1723205552
16094164
30216138
3546742890956818
3546751195679487
500935494
1723205552
3546653954934916
3546743878715508
3546653954934916
280257246
3546743878715508
3546715873347828
629545145
599512063
3546741024491993
432430211
432430211
3546774302099602
1421722901
283823860
3546617898601146
3546642657577614
3546745810192626
487079735
487079735
476161375
432430211

 "套路直播芃芃大人" UID：
3546636219321212
1421722901
3546755691973092
3546755691973092
3546753766787602
3546755691973092
3546755691973092
3546753766787602
3546755691973092
387670667
3546755691973092
3546755691973092
3546743878715508
3546743878715508
408564972
1723205552
1723205552
1309802118
3546638381484131
1723205552
97501660
97501660
97501660
3546645585201844
97501660
3546640333933434
3546636561156753

 "这个逆天视频终于替大家找到了" UID：
3546768270690495
281237024
281238546
281231201
281090873
281231221
281272637
281273107
281231201
281230083
281058656
281273095
281089942
281091360
281257120
281090557
496235277
281255210
281092247
281272285
58282150
281232852
281231186
281238543
281090199
68979507
281255181
46931028
4730665
596384212

 "这个逆天视频终于替大家找到了" UID：
596384212
281090570
281091230
281255210
281055929
15074507
281092544
314007312
281238555
360098013
332293002
3546573837437354
281238076
3546758187584383
1514975881
3546598606899751
281255098
281255179
3493087345117382
3546660659530171
281092677
281092544
271476029
1419632817
281253629
3546575523547290
281273427
524813381
281235351
380395221

 "这个逆天视频终于替大家找到了" UID：
281079190
281230083
281238429
281255210
281238546
281089723
281091689
281238543
241677488
3546756692314613
281253629
281055929
281237050
281059331
281079312
3546769820485712
281238551
281092544
281011845
281011845
281009352
281089942
281055444
281039797
496235277
3546768270690495

 "日本萝莉暗黑老师大雷" UID：
3546745271225187
3546737585162961
3546744803560057
657516
3546749566192066
288133845
3546764843944918
2014063340
3546754819557977
3546767954020780
3546767939341220
280946927
3546767182269254
3546637949471300
3546781354821971
500773410
3546770577557914
3546767939340598
3546771647105277
3546764843944918
3546752630131304
3546742633007241
3546635239950522
3546756339992627
3546752636422409
1512112517
399668571
3546768354576872
3546783496014729
3546754821654794

 "日本萝莉暗黑老师大雷" UID：
3546754821654794
3546783496014729
3493277833628217
1512112517
2014063340
2014063340
3546771248646739
3546697873492771
3546767954020780
3546768662858679
3546767951923745
3546760446216725
3546758275664326
3494371108325448
281055290
3546765399689971
42781855
3546776728504551
3546703059748902
3546742633007241
35378258
3546767939341220
3546760775469189
3546765470992572
3546770338482549
3546692645292795
3546776728504551
3546755907979676
3546767075313966
3546764848139015

 "日本萝莉暗黑老师大雷" UID：
3546767077411095
3546767075314577
3546776451680913
3546770338482549
3546749566192066
3546745273321912
3546742630910566
3546745271225187
3546744803560057
3546680530045894
3546737585162961
3546692645292795
3546390936423068
3546615094708550
2014063340
2014063340
272536295
272536295

 "免费白嫖百度网盘会员svip365" UID：
544531426
3546611309349367
267447210
1695812796
2116746105
1048056650
52063301
3494356136757670
289678194
258946673
535020806
258946673
174319282
365158897
431041356
3546774377597041
4678114
349524233
1565906988
1549220635
3546695889586462
258946673
99910884
670096117
3695131
513060701
354520797
289521519
175940903
258946673

 "免费白嫖百度网盘会员svip365" UID：
99910884
354520797
99910884
3546774377597041
258946673
99910884
175940903
475243947
352620692
472298179
1792698015
3493265634494826
3546644884752638
503539105
455615200
3493115056884656
517972851
99910884
267447210
99910884
271926000
672504130
1406255334
2108634330
1415043754
3493095129745600
350839341
455017169
3546704800385038
343378723

 "免费白嫖百度网盘会员svip365" UID：
544531426
5934560
431041356
97393218
437501724
257750083
5934560
431041356
97393218
257750083
437501724
99910884
99910884
5934560
257750083
437501724
431041356
5934560
97393218
257750083
437501724
99910884
5934560
431041356
97393218
257750083
437501724
99910884
99910884
5934560

