 "安卓直装神作" UID：
440609380
3546772236405084
3546772129450621
390006408
3546650358320040
239343186
3546784550882220
1610485128
3546672716057081
1587860860
26276136
1587860860
1587860860
1587860860
1587860860
35433992
3546687041701996
3546687041701996
3546780903934464
3546780130085349
10395096
60268727
405824281
3546777286347207
313122825
1587860860
1587860860
1587860860
1587860860
3546743211821879

 "原神同人大佬" UID：
527408854
3546786218117839
3546775749134681
1727725776
3546617925863927
3546615509944913
3537122065647819
3546589488482848
3546615468001725
3493116201929601
3546738113645029
3546615509944913
486954485
3537111078669205
3546617925863927
3546394411403957
597461
1727725776
93714982
3494351749515821
3546665074035313
3546617925863927
22613731
700822128
3546619670693956
3546785941293895
3546678558722882
324028711
3494365095790831
3546782028008281

 "弹力摇" UID：
671525913
3546648468785873
3546583884892177
3546780396423337
3546780396423337
3546764999133748
671525913
3546583884892177
671525913
3546648468785873
3546583884892177
499605056
451570427
3546568183515698
3546648468785873
671525913
3546737094429319
499605056
3546648468785873
313977313
313977313
671525913
384253068
670207440
3546648468785873
3546607242972092
3546583884892177
3546737094429319
671525913
671525913

