 "ACT SLG ADV GAL游戏" UID：
3493086084729802
190201204
346561966
259961287
1614998202
3461579209181942
3493115824442104
3546779505134549
3546599349291156
178058775
17774009
22070668
1802213910
53618176
3493133828491416
3493093269571963
3646153
3546700635441718
451043195
415963970
44756977
691120790
24651162
1385959372
619343
1765963971
514139807
2313512
363924034
3493131628579208

 "安卓直装神作" UID：
440609380
3546772236405084
3546772129450621
390006408
3546650358320040
239343186
3546784550882220
1610485128
3546672716057081
1587860860
26276136
1587860860
1587860860
1587860860
1587860860
35433992
3546687041701996
3546687041701996
3546780903934464
3546780130085349
10395096
60268727
405824281
3546777286347207
313122825
1587860860
1587860860
1587860860
1587860860
3546743211821879

 "崩铁同人" UID：
110906
3546755721333236
2154169
3546770453825608
1510576749
110906
474860836
298537106
498923785
3546770453825608
9669021
3546389141260762
474860836
3494369707428357
3494369707428357
27113844
102943
3546759341017910
102943
3546781363210398
110906
3546768306342398
321201227
482500548
693394197
3493143173400751
675091115
9669021
322294803
3493081127062022

 "AKT新作品" UID：
3493285911857890
313309022
45996403
3546602220292513
1879027803
446002802
689981842
388734590
23091718
3494358693185618
1882320700
1979300898
13805902
3537122065647819
1805753132
1619549806
325908414
480780848
167361417
1456604763
3461582189234513
3546678558722882
32014460
3546775749134681
493940312
3493298006133038
492821923
3493077700315380
1878653443
3546720524831370

 "AKT新作品" UID：
3546724943530439
3546724943530439
3546724943530439
3546724943530439
3546724943530439
3546724943530439
3546724943530439
3546724943530439
3546724943530439
3546724943530439
3546724943530439
3546724943530439
3546724943530439
3546724943530439
3546724943530439
3546724943530439
3546724943530439
3546724943530439
3546724943530439
3546724943530439
3546724943530439
3546724943530439
3546724943530439
3546724943530439
3546724943530439
3546724943530439
3546724943530439
3546724943530439
3546724943530439
3546724943530439

 "月入代价拒绝社交" UID：
3546642282187093
3546647999023983
1490666775
3546642271701846
3546642267507142
3546646201763925
3546641533503496
3546650142312907
49839041
3546649515264204
3546645299988816
3546646231124952
3546645973174998
253537481
3461580821892017
3546639818033375
3493126943542033
3546606066468941
652239127
3546715963525651
298241221
3546647906748978
652522840
3546559341923265
3546650154896208
1466447046
2042031680
454220370
3546646231124952
587367628

 "这个逆天视频终于替大家找到了" UID：
281502933
281255210
314007312
281255181
281091230
281091830
271476029
281272638
281055929
281066731
281238543
281255098
281092544
281092677
281238555
281235351
281231186
281238429
281257201
281272285
281272340
281255210
3546707788826887
281253629
281079312
58282150
3546575523547290
281237044
281092544
281238066

