 "ACT SLG ADV GAL游戏" UID：
369332515
2840297
3926937
3546642829544154
477894
1247173616
619897964
1465127479
3493115824442104
19571136
10296452
1708646944
341488503
359338040
3493115824442104
1026847559
520065939
3546709705623697
17774009
10813825
33250747
438212807
3537114809502385
1765963971
226434354
3546659386558977
3546700635441718
24868113
1290061063
2024146516

 "ACT SLG ADV GAL游戏" UID：
2242934
190201204
346561966
259961287
1614998202
3546779505134549
178058775
3546599349291156
3493115824442104
17774009
22070668
53618176
1802213910
3493133828491416
3461579209181942
3493093269571963
691120790
451043195
3546700635441718
3646153
415963970
44756977
24651162
1385959372
619343
1765963971
514139807
2313512
363924034
264281960

 "ACT SLG ADV GAL游戏" UID：
3546598640454576
3546598640454576
619343
3546566390451169
10355008
383831199
383831199
10355008
645909450
1228126488

 "安卓直装神作" UID：
1514251547
352485305
3461563048527899
3546772236405084
1303149669
15127077
11648477
1028730877
1562948728
513555193
1653126028
3546781052832071
440609380
27013630
519712411
1061882783
239343186
3546695583402569
3546593359825612
1303149669
691120790
1788107250
440097289
3546779521911314
1176650348
3493132800887145
3494374210013684
3546572507843379
438212807
631578742

 "安卓直装神作" UID：
1101220503
410756668
1588796197
436534706
245044545
3493132800887145
3461565271509949
1282107982
1367710471
400631146
474924791
114362622
1376682929
3546670912506030
631578742
1285319705
1176650348
494927708
3546685162654336
1463290564
409741753
3493115665058117
699886349
3546770680318339
336673915
3537118179625139
454980267
3461565271509949
3494372192553231
3546561369868483

 "安卓直装神作" UID：
440609380
3546772236405084
3546772129450621
390006408
3546650358320040
239343186
3546784550882220
1610485128
3546672716057081
1587860860
26276136
1587860860
1587860860
1587860860
1587860860
35433992
3546687041701996
3546687041701996
3546780903934464
3546780130085349
10395096
60268727
405824281
3546777286347207
313122825
1587860860
1587860860
1587860860
1587860860
3546743211821879

 "全动态汉化游戏" UID：
1597108950
520168350
4204070
114362622
3546772236405084
531791764
3546693165386233
189053451
314844
241215063
456201394
360046931
50022492
3546687041701996
26566594
10007515
1796861349
3546642085054823
53683139
24705673
27013630
3546685162654336
2350587
3546646176598282
114362622
1503980214
701732543
1403202106
3546655433426999
35907426

 "全动态汉化游戏" UID：
701732543
35907426
351607965
1282107982
1189272560
3546782661347753
456201394
53683139
27013630
1151536766
28580766
3546572507843379
1554519430
3546655433426999
411056985
484839768
35907426
3537115314915449
2846448
259798612
503307205
3546602629237672
103273210
95193173
4204070
1262499771
3546780130085349
9139292
3546749566192091
14174954

 "全动态汉化游戏" UID：
1743798136
3546646176598282
3546687041701996
3546775113697342
3546707566528853
3546700635441718
10007515
381503833
264281960
697539302
3546710416558871
494916334
3546594448247681
697539302
3546594448247681
1208450653
417491195
3546646176598282
3546646176598282
3537121841252835
3546555827095866
3546755553561437
3546715613301364
3546566392548181
2074071341
129208542
129208542
1116764967
3546614440397499
3546569024473612

 "崩铁同人" UID：
10671099
82802250
3546761421392142
10671099
20005292
3546689197574925
692752291
1117830599
689981842
3546755721333236
3494365657827331
600285389
102943
550186475
244120841
3546642221369354
3546615468001725
391552730
82802250
37281318
165509622
23091718
388734590
348453380
336157667
694171527
45996403
1998398321
325908414
1759081474

 "崩铁同人" UID：
359863790
3546777330387515
550186475
648346501
336157667
45996403
3546610896210778
3546615468001725
426563671
472277133
3546708178897216
102943
3546772481771835
87188890
3546761421392142
1869317342
476714097
618892214
473148497
16596675
3546765726845590
313309022
3546755721333236
39937630
3493138201053286
3546661888461509
3494369707428357
3546629103683759
396657882
404311320

 "崩铁同人" UID：
110906
3546755721333236
2154169
3546770453825608
1510576749
110906
474860836
298537106
498923785
3546770453825608
9669021
3546389141260762
474860836
3494369707428357
3494369707428357
27113844
102943
3546759341017910
102943
3546781363210398
110906
3546768306342398
321201227
482500548
693394197
3493143173400751
675091115
9669021
322294803
3493081127062022

 "原神同人大佬" UID：
527408854
3546786218117839
3546775749134681
1727725776
3546617925863927
3546615509944913
3537122065647819
3546589488482848
3546615468001725
3493116201929601
3546738113645029
3546615509944913
486954485
3537111078669205
3546617925863927
3546394411403957
597461
1727725776
93714982
3494351749515821
3546665074035313
3546617925863927
22613731
700822128
3546619670693956
3546785941293895
324028711
3546678558722882
3494365095790831
3546782028008281

 "原神同人大佬" UID：
3546378611460145
669386706
544543545
3493111732898341
3546722942847551
16038862
45996403
3546661888461509
3546615509944913
2129423232
43855379
1727725776
1620832117
3546786186660425
354495598
3546689400998182
3546779970702130
2085683699
3546696602618482
3494365095790831
107318873
167460914
1859779071
329778002
3546773782006164
2085683699
3493121618872785
385125902
3546758151932151
50997235

 "原神同人大佬" UID：
3546617925863927
3546665074035313
3546636538088397
3546665074035313
3546785878379455
3546786218117839
3546617925863927
3494351749515821
3546782621502097
3546696357251317
3546615468001725
3546735899052679
3546740932216872
3546665074035313
3546770453825608
3546775713483307
3546738113645029
3546779970702130
3546770453825608
646814842
599236650
3546764799904616
3546617925863927
3546766735575098
605364111
1719833502
3546605449906190
1792268520
605364111
605364111

 "同人总站" UID：
1727725776
433719928
42853238
1837691970
1597108950
1335461955
1727725776
365225583
346322692
3546617925863927
492821923
3546658337982832
3493077700315380
3546786218117839
3546632966637623
3546783527471527
432502483
1530628534
3537122065647819
3546775749134681
1633666681
3546617925863927
335997080
504835337
2088448685
1446462069
3546617951029556
504835337
329547736
3206128

 "同人总站" UID：
3546678558722882
2088448685
1334935785
23091718
1979300898
700822128
454149704
503258218
501690053
374818174
6377073
2022251314
1619549806
3546376923253289
22311233
53110725
3493077700315380
3493277988817501
645762157
3546759917734601
38061207
1009329809
331146658
1101476348
1630625861
587994730
1727725776
319094604
3546775713483307
82849257

 "同人总站" UID：
3546739275467712
3546739275467712
2032897021
3546739275467712
106817183
3546688344033469
3546699565893660
3493134300351155
670754379
1395981800
670754379
3493134300351155
40669195
3546658337982832
3546637911722478
3546637911722478
3546637911722478
3493278511008092
3493278511008092
3546617068128566
3546624880019962
3546624880019962
3546624880019962
3546617068128566
3546611068177177
3546617068128566
3546611068177177
3546613909817345
3546611068177177
3546564136011900

 "sodeno19新作品" UID：
2138840249
1374736847
53133915
700822128
20961442
3494375271172232
445963905
375285911
239803068
34680779
12944570
1769580664
303240597
592450466
303431934
3546718725475222
474826824
895617
3493087353506552
3546615509944913
2017120970
3537113526045132
3461582189234513
131566181
1067345710
53133915
548096997
355092712
375707045
375707045

 "sodeno19新作品" UID：
3494375271172232
3546713612618379
3546629309205411
3546631425231336
479694982
53133915
15166355
1068579138
53133915
3461581782386729
213846551
398095891
1731284
52257565
1373176832
511045085
3546605909182739
455889581
375707045
178171015
415374958
303240597
3494361524341138
494310
335177139
329219622
355092712
1374736847
1171322479
323712397

 "sodeno19新作品" UID：
303240597
3461582189234513
3537113526045132
53133915
514786134
3494375271172232
1067345710
3461581782386729
53133915
323712397

 "AKT新作品" UID：
40955233
42853238
294611905
439018214
1415280103
1633666681
474826824
1727725776
1768225483
3546686580328892
3546394411403957
504835337
1633928190
1446462069
3493130221389834
3546707310676955
1879027803
486954485
384925347
523050843
325908414
1727725776
517196716
1203981456
3546617925863927
294611905
436986407
3546786218117839
548096997
32014460

 "AKT新作品" UID：
3493285911857890
313309022
3546602220292513
1879027803
446002802
689981842
388734590
3494358693185618
23091718
1979300898
1882320700
1619549806
3537122065647819
1805753132
325908414
45996403
480780848
13805902
167361417
1456604763
3461582189234513
3546678558722882
32014460
493940312
3546775749134681
3493298006133038
492821923
1878653443
3546720524831370
107639802

 "AKT新作品" UID：
3546724943530439
3546724943530439
3546724943530439
3546724943530439
3546724943530439
3546724943530439
3546724943530439
3546724943530439
3546724943530439
3546724943530439
3546724943530439
3546724943530439
3546724943530439
3546724943530439
3546724943530439
3546724943530439
3546724943530439
3546724943530439
3546724943530439
3546724943530439
3546724943530439
3546724943530439
3546724943530439
3546724943530439
3546724943530439
3546724943530439
3546724943530439
3546724943530439
3546724943530439
3546724943530439

 "VICINEKO新作品" UID：
1633666681
3546760119060995
479636172
3546617925863927
517088787
1257428014
398095891
1727725776
386115183
1998379350
602012636
2131451319
1727725776
19318789
439018214
40955233
3546394411403957
1081493678
486954485
3537122065647819
341996746
3546617925863927
294611905
1203981456
700822128
32241075
65328456
645762157
43791565
23091718

 "VICINEKO新作品" UID：
313309022
3546615509944913
341996746
3546378611460145
1260325944
3546614666889923
3546775749134681
492821923
1979300898
1083495934
3546382839319263
6377073
45996403
493940312
50997235
3494375271172232
479636172
3546664025459361
41427397
1363212749
3546617873434973
505793723
3546678772632382
313075203
3493124716366096
3546702160070726
332896928
3546592013453891
3493095450610627
3546785878379455

 "VICINEKO新作品" UID：
645762157
693555704
1257428014
3546680511170936
3546678772632382
165610783
165610783
165610783
3546602220292513
602012636
3546602220292513
3493124716366096
386115183
386115183
332896928
3493124716366096
3493124716366096
2129423232
3493124716366096
3493124716366096
3493087353506552
222496684
332896928
332896928
501944830
332896928
1081493678
592450466
526269442
3461566066329622

 "rinhee yesui" UID：
122420004
2089713088
167149520
1537015961
3493080921541370
303240597
303240597
303240597
326732342
95193173
1766067835
498119009
37327171
71141004
3546777839995038
1731284
1374736847
3537105013704884
518834035
3493104948611433
6581305
646196285
323712397
38541429
162589206
303240597
3493109532985878
3493087345118007
37327171
303240597

 "rinhee yesui" UID：
2146823789
29150978
3546618882165308
53133915
1849872
1020047942
1731284
3546617925863927
37932465
303240597
1731284
1020047942
5907649
1265680561
630896801
1731284
3546618882165308
1731284
415411774
525024
303240597
1731284
1731284
1731284
699886349
303240597
3546618882165308
1731284
1731284
196443583

 "rinhee yesui" UID：

 "帮帮我的孩子 求助 水滴筹" UID：
297515310
3546634002630696
3546712398366797
297515310
37890241
478235281
1631387908
601302110
3546574506428612
279941881
2080128108
482095372
1705932608
1235640290
3546743861938193
3546733600573796
601587996
2022952844
3493262167902559
18435600
490494088
2069644796
3546565664836519
3546561931905148
180359671
3546733409732694
1679208761
11561502
1472015897
3546636414356454

 "帮帮我的孩子 求助 水滴筹" UID：
180359671
690460299
75139618
490494088
3546636414356454
3494364491811695
3856911
572503203
1983906218
1483377593
666843633
3546636414356454
1750228534
2022952844
3546592367872871
1993043920
3537118978640066
90446897
2022952844
265715673
3537118978640066
1161998570
3493094720801196
1582908370
3494358179384151
3546726061312930
221556656
3546636414356454
21034174
382057609

 "帮帮我的孩子 求助 水滴筹" UID：
288611835
3546634002630696
1235640290
3546574506428612
3494366211475757
1994194781
225097139
297434372
279941881
1161998570

 "小蓝鸟反差博主推荐" UID：
3546740533758030
1700841875
3546771345115620
3546613700102530
110904607
3546726623348764
3546726623348764
1271045110
3546726623348764
3546726625446599
3546726625446599
3546726625446599
3546759309560717
1270769295
3546780648081883
520550931
520550931
1666378019
3546711853108097
3546747987036469
10272440
3546726623348764
3546780394326932
3493273746278979
3546776244063025
1666378019
3546755287223179
3546755287223179
3546755287223179
3546755287223179

 "小蓝鸟反差博主推荐" UID：
3546755287223179
3546755287223179
3546711853108097
3546773840726709
3546755287223179
3493110839511225
3493132230461794
10272440
3546613700102530
3494365460695664
1700841875
495042270
3546711853108097
302472188
3546771345115620
34114099
409604529
3546780499183909
3494353852959145
666801036
3546711853108097
3546755287223179
3493140759578659
3546693849057618
25929017
3546755287223179
3546726623348764
3546780532738929
627847313
3546726623348764

 "小蓝鸟反差博主推荐" UID：
1700841875
3546711853108097
3546711853108097
3546774455192315
3546780648081883
3546711853108097
3546771345115620
3546771345115620
3546780648081883
3546759309560717
3546780394326932
3546711853108097
3546586372115357
3546780648081883
3546780648081883
3546780750842499
3546711853108097
3546711853108097
3546711853108097
281036831
3546711853108097
3546711853108097
3546711853108097
3546711853108097
3546711853108097
3546711853108097
3546711853108097
3546711853108097
3546711853108097
3546764313364490

 "弹力摇" UID：
526877516
57217475
3546604950784427
3546780396423337
1798932936
233572908
3546585921227710
3546390665890285
317128624
241741992
435771559
1725889117
20912836
3546737094429319
68472709
525709838
300192422
3546764999133748
3546650024872068
247081307
3493095475776043
2064444784
345923501
26177922
454400943
3546583884892177
3546648468785873
19511137
104525467
3546583884892177

 "弹力摇" UID：
104525467
3546583884892177
192323298
360090654
406495017
3546780396423337
197798876
457726809
95755602
360090654
3546583884892177
436788615
1786870176
95755602
3546745388664969
345531035
671525913
3546583884892177
32803416
671525913
3546584428054798
3493095475776043
3546583884892177
95755602
268536810
494751954
277602014
3546737094429319
499605056
3546693639342214

 "弹力摇" UID：
671525913
3546648468785873
3546583884892177
3546780396423337
3546780396423337
3546764999133748
671525913
3546583884892177
671525913
3546648468785873
3546583884892177
499605056
451570427
3546568183515698
3546648468785873
671525913
3546737094429319
499605056
3546648468785873
313977313
313977313
671525913
384253068
670207440
3546648468785873
3546607242972092
3546583884892177
3546737094429319
671525913
671525913

 "盯榨倒计时" UID：
34974285
97501660
239147314
506652400
3546735567702832
307310113
3546655372609885
1433598692
3546753766787602
527346785
13016032
3546734435240463
1028091704
3546735567702832
97501660
3546693802920418
3546642657577614
508176934
482094725
691708088
1470192972
3546724605888810
3546717548972575
416283969
393694660
3537106276190293
2601399
3546693704354214
3546722108181213
3546727007127734

 "盯榨倒计时" UID：
3537106276190293
3546722108181213
508176934
2601399
3546683744979602
181849129
3546583547251306
3546754280589385
3546722108181213
2064444784
3546737799071850
393694660
3546683744979602
527346785
3546571541056152
3546392586881641
3546705232398385
3546717548972575
3546722108181213
483466816
395078074
307310113
1768423795
2064444784
3546693704354214
324821605
411806998
393694660
3546723414706670
594649534

 "盯榨倒计时" UID：
3546757222894266
594649534
3546776365697430
3546757222894266
3546782164323012
3546757222894266
3546776365697430
3546757222894266
3546757222894266
1470192972
3546757222894266
3546757222894266
3546757222894266
3546757222894266
3546757222894266
3546757222894266
3546757222894266
3546757222894266
3546757222894266
3546757222894266
239147314
3546602752969542
3546602752969542
3249905
3546602752969542
13016032
487212819
487212819
487212819
487212819

 "月入代价拒绝社交" UID：
3546642282187093
3546647999023983
1490666775
3546642271701846
3546642267507142
3546646201763925
3546641533503496
3546650142312907
49839041
3546649515264204
3546645299988816
3546646231124952
3546645973174998
253537481
3461580821892017
3546639818033375
3493126943542033
3546606066468941
652239127
3546715963525651
298241221
3546647906748978
652522840
3546559341923265
3546650154896208
1466447046
2042031680
454220370
3546646231124952
587367628

 "月入代价拒绝社交" UID：
491142309
491142309
1640434875
511389760
3546647999023983
3493267054266782
3546639813839640
347823435
520873149
1286368235
3537105311500944
3537108836813373
3493143792060976
3494378830039913
3546592856509096
3546385697737630
501533740
3493273104549913
3494368753224474
3546375253919795
3493269572946248
3546597847730415
1339315455
3537105691085208
3494353496443718
3546559708924707
3546562856749864
1224529610
3537108241222393
1691236931

 "月入代价拒绝社交" UID：
3546645065107840
3546645107050974
3546653193669203
3546645402749911
3546645415332824
3494356239518126
3461580719131269
3546652723906878
3546652723906784
3546644712786498
3546652233173893
3546651021019821
3546645107050974
3546642282187093
3546642263312902
1379489109
3546651379632676
3546640075983026
3546642198301473
3546642338810733
3546642340907017
3546649414601348
3546645077691213
3546640099051717
3546650106661840
3546650104564179
3546649553013307
3546647978051758
3546643301403435
3546649553013615

 "原神崩铁不正经cos大电影" UID：
652424729
317942112
3546770453825608
3546779970702130
652424729
1928699576
52250
268536810
1238753571
3546701096814997
3546735899052679
210291
3015651
652424729
182679230
3546763623402166
297122199
11742550
486954485
3949877
3066511
1607873297
606621984
3546581934541205
14158002
3493295042857102
590613318
346124580
6768352
3546582326708660

 "原神崩铁不正经cos大电影" UID：
590613318
346124580
3546582326708660
3546731763468579
27534330
11855362
317942112
11742550
6768352
357301650
11742550
2085683699
480063150
2144543
11742550
11742550
3493277087042285
3546636580031225
3494365095790831
67109379
3546588641233737
3546583090072549
11742550
317942112
7967009
1360010
34332497
2337499
590613318
1441390

 "原神崩铁不正经cos大电影" UID：
3546770453825608
373998252
6786221
3546705377102335
485044985
130715798
2113741280
3546649609636377
651405543
37027998
1986811825
1666599
25290185

 "套路直播芃芃大人" UID：
3546636219321212
487212819
30216138
500935494
408564972
97501660
390001271
416217601
1454544026
487079735
3546640333933434
97501660
30216138
3546715873347828
3546653954934916
3546689512147739
257651582
30216138
3546743878715508
1723205552
1723205552
487212819
421152335
36879494
421152335
3546640333933434
97501660
500935494
501190261
19559457

 "套路直播芃芃大人" UID：
498555738
421152335
3546740286294179
3546751195679487
97501660
3546742890956818
3546743878715508
3546743878715508
72638562
3546653954934916
629545145
599512063
3546742890956818
3546653954934916
3546715873347828
1723205552
280257246
3546617898601146
476161375
343226374
421152335
487079735
1421722901
283823860
3546715873347828
432430211
3546384946956724
3546745810192626
3546745810192626
3546715873347828

 "套路直播芃芃大人" UID：
3546636219321212
1421722901
3546755691973092
3546755691973092
3546753766787602
3546755691973092
3546755691973092
3546753766787602
3546755691973092
387670667
3546755691973092
3546755691973092
3546743878715508
3546743878715508
408564972
1723205552
1723205552
1309802118
3546638381484131
1723205552
97501660
97501660
97501660
3546645585201844
97501660
3546640333933434
3546636561156753

 "这个逆天视频终于替大家找到了" UID：
281257120
281273427
3546768270690495
281237024
281272637
281273107
281238546
281231201
281273095
281255181
281230083
281231221
281089942
281091360
281231201
281090557
281272285
1965705943
281090873
281232852
281058656
496235277
281090199
3546660659530171
281231186
281231214
281092247
3546573837437354
281255179
281090570

 "这个逆天视频终于替大家找到了" UID：
281502933
281255210
314007312
281255181
281091230
281091830
271476029
281272638
281055929
281066731
281238543
281255098
281092677
281092544
281238555
281235351
281231186
281238429
281257201
281272285
281272340
281255210
3546707788826887
281253629
281079312
58282150
3546575523547290
281237044
281092544
281238066

 "这个逆天视频终于替大家找到了" UID：
314007312
3546660659530171
281079190
281230083
281238429
281255210
281238546
281089723
281091689
281238543
241677488
3546756692314613
281253629
281055929
281237050
281059331
281079312
3546769820485712
281238551
281092544
281011845
281011845
281009352
281089942
281055444
281039797
496235277
3546768270690495

 "日本萝莉暗黑老师大雷" UID：
3546745271225187
3546737585162961
3546744803560057
3546749566192066
3546764843944918
288133845
3546767954020780
2014063340
657516
3546752630131304
500773410
3546764843944918
3546767182269254
280946927
3546781354821971
3546752636422409
1512112517
3546754819557977
3546767951923745
3546784005622553
3546692645292741
3546635239950522
3546755819899641
1512112517
3546758275664326
3546758273567632
3546745275418902
3546768662858679
3546776728504551
3546773043808525

 "日本萝莉暗黑老师大雷" UID：
3546752634325524
3546765399689971
3546767077411095
3493277833628217
3546703059748902
2014063340
3546773043808525
281055290
3546755826190525
3546767075314577
3546756339992627
3546777290541907
3494371108325448
3546767954020780
3546742633007241
3546767933049035
3546758273567632
3546765470992572
3546767211629098
3546760775469189
3546749377448468
3546777563171506
3546767075314090
3546758275664584
3546759605258719
35378258
3546745281710441
42781855
3546767075313966
3546752636422931

 "日本萝莉暗黑老师大雷" UID：
3546767075314577
3546776451680913
3546770338482549
3546749566192066
3546745273321912
3546742630910566
3546745271225187
3546744803560057
3546680530045894
3546737585162961
3546692645292795
3546390936423068
3546615094708550
2014063340
2014063340
272536295
272536295

 "免费白嫖百度网盘会员svip365" UID：
544531426
3546611309349367
1695812796
52063301
3537117414165391
258946673
3494356136757670
267447210
3461566867442431
2116746105
365158897
349524233
174319282
3546695889586462
289678194
258946673
1462846869
1048056650
431041356
452375030
41037369
354520797
455615200
1549220635
175940903
1792698015
472298179
670096117
3546631179864846
3546704800385038

 "免费白嫖百度网盘会员svip365" UID：
479575251
1792698015
452375030
475243947
670096117
3546631179864846
2113911125
3546584442735028
411904734
3546644884752638
309891078
3493115056884656
258946673
1415043754
3546704800385038
258946673
1197993448
455017169
441334495
289521519
258946673
3493265634494826
343378723
1406255334
1415043754
3546631179864846
441334495
258946673
258946673
3493095129745600

 "免费白嫖百度网盘会员svip365" UID：
544531426
3537117414165391
5934560
431041356
97393218
437501724
257750083
5934560
431041356
97393218
257750083
437501724
99910884
99910884
5934560
257750083
437501724
431041356
5934560
97393218
257750083
437501724
99910884
5934560
431041356
97393218
257750083
437501724
99910884
99910884

