 "ACT SLG ADV GAL游戏" UID：
369332515
2840297
477894
3546642829544154
619897964
19571136
1247173616
3926937
520065939
3493115824442104
1465127479
10296452
33250747
341488503
1708646944
190201204
10813825
3461579209181942
3493093269571963
3546764388862333
359338040
3537114809502385
438212807
1765963971
3493086084729802
691120790
1026847559
623709969
24868113
3493115824442104

 "ACT SLG ADV GAL游戏" UID：
3546700635441718
1290061063
514139807
691120790
22070668
2024146516
1385959372
3546659386558977
3546779505134549
259961287
3493115824442104
533047038
3493133828491416
21024810
495668919
178058775
53618176
415963970
346561966
520065939
3546725480401446
3546594448247681
1614998202
44756977
451043195
3546599349291156
111654140
203351609
21155598
1802213910

 "ACT SLG ADV GAL游戏" UID：
3546598640454576
3546598640454576
619343
3546566390451169
10355008
383831199
383831199
10355008
645909450
1228126488

 "安卓直装神作" UID：
352485305
1514251547
239343186
3461563048527899
15127077
1562948728
513555193
11648477
3546772236405084
1176650348
1028730877
1653126028
3546781052832071
691120790
3493132800887145
27013630
3546695583402569
3546593359825612
1303149669
3546779521911314
410756668
440097289
1788107250
519712411
1061882783
454980267
1860513723
3494374210013684
494927708
3546770680318339

 "安卓直装神作" UID：
245044545
410756668
3546770680318339
1282107982
3537118179625139
400631146
438212807
547122968
474924791
114362622
1588796197
3537112540383261
2074071341
1367710471
1101220503
1176650348
3546572507843379
3494374210013684
3546751443143536
3461565271509949
699886349
3461565271509949
436534706
1285319705
3537112540383261
174980166
3546670912506030
3546685162654336
3546650358320040
409741753

 "安卓直装神作" UID：
440609380
3546772236405084
3546772129450621
390006408
3546650358320040
239343186
3546784550882220
1610485128
3546672716057081
1587860860
26276136
1587860860
1587860860
1587860860
1587860860
35433992
3546687041701996
3546687041701996
3546780903934464
3546780130085349
10395096
60268727
405824281
3546777286347207
313122825
1587860860
1587860860
1587860860
1587860860
3546743211821879

 "全动态汉化游戏" UID：
1597108950
520168350
4204070
531791764
189053451
314844
3546772236405084
114362622
360046931
26566594
24705673
3546642085054823
2350587
3546687041701996
456201394
1796861349
241215063
351607965
10007515
519975773
50022492
3546685162654336
511983200
35907426
701732543
114362622
619343
1554519430
3546693165386233
411056985

 "全动态汉化游戏" UID：
3546693165386233
484839768
1151536766
1403202106
53683139
3546782661347753
1262499771
2846448
1189272560
503307205
386438919
619343
3546602629237672
95193173
35907426
1282107982
35907426
411056985
35907426
114362622
387939896
3546683145193481
9139292
456201394
14174954
3546715613301364
3537121841252835
4204070
456201394
259798612

 "全动态汉化游戏" UID：
1743798136
3546646176598282
3546687041701996
3546775113697342
3546707566528853
3546700635441718
10007515
381503833
264281960
697539302
3546710416558871
494916334
3546594448247681
697539302
3546594448247681
1208450653
417491195
3546646176598282
3546646176598282
3537121841252835
3546555827095866
3546755553561437
3546715613301364
3546566392548181
2074071341
129208542
129208542
1116764967
3546614440397499
3546569024473612

 "崩铁同人" UID：
10671099
3546689197574925
index.shtml?track_id=pbaes.cjzq_mwoN6SZ3a7R7NqhPHwP7P9-eMfFyEJ-Fsmcz3GmIU9ma-pQHcshfOCMUbvqdfhAw6M7YUVldYr4RJTj2TgO3my-fdVyeFb9xlT0gPM&CYSCID=bil01&from_bcg=bcg_12_174537864
20005292
3546761421392142
23091718
348453380
82802250
3494365657827331
10671099
1117830599
692752291
?track_id=pbaes.cjzq_mwoN6SZ3a7R7NqhPHwP7P9-eMfFyEJ-Fsmcz3GLuaoc2MjDI9kXuvee7mpLMi33-3prgmaEzQV6iF89U0xUHheHL2aVUsol7sp6RIo&sid=new
3546755721333236
82802250
3546642221369354
244120841
689981842
600285389
3546615468001725
391552730
1726481678
tracking?dap_code=f8b42f6aedc441a9a28205cced629283&track_id=pbaes.cjzq_mwoN6SZ3a7R7NqhPHwP7P9-eMfFyEJ-Fsmcz3H0FXrue_oeuIVxNddzz9zfYcx3Eb7JLkx4T1TgUZlVG9Vkc5LMT3nGxXEjTAvtCFI&r=v&from_bcg=bcg_12_170286449
165509622
1759081474
102943
325908414
102943
3494365095790831
3546777330387515

 "崩铁同人" UID：
1998398321
82802250
45996403
472277133
37281318
648346501
3493138201053286
336157667
3546765726845590
3546761421392142
550186475
27534330
3546755721333236
359863790
426563671
3546770453825608
3493138201053286
102943
3537108710983746
3546661888461509
404311320
3546629103683759
44062985
3494369707428357
3546761421392142
1869317342
16596675
313309022
3546772481771835
87188890

 "崩铁同人" UID：
3546770453825608
110906
3546755721333236
2154169
3546770453825608
1510576749
110906
474860836
298537106
498923785
3546770453825608
9669021
3546389141260762
474860836
3494369707428357
3494369707428357
27113844
102943
3546759341017910
102943
3546781363210398
110906
3546768306342398
321201227
482500548
693394197
3493143173400751
675091115
9669021
322294803

 "原神同人大佬" UID：
527408854
3546786218117839
3546775749134681
3546617925863927
1727725776
3546615509944913
3546615468001725
3537122065647819
3546589488482848
3493116201929601
3546617925863927
3537111078669205
3546615509944913
3546738113645029
3546787237333665
486954485
93714982
1727725776
3494351749515821
3546394411403957
597461
3546617925863927
700822128
3546785941293895
3546665074035313
3493111732898341
22613731
3494365095790831
669386706
3546378611460145

 "原神同人大佬" UID：
544543545
669386706
3546782028008281
3546678558722882
324028711
3546722942847551
3546661888461509
16038862
3546786186660425
3546779970702130
45996403
3546696602618482
3546740932216872
3546615509944913
3494365095790831
1727725776
1620832117
3546773782006164
486426632
1718515
43855379
3494365095790831
3546758151932151
3546689400998182
3546775713483307
1446462069
385125902
3546786092288527
2129423232
3493121618872785

 "原神同人大佬" UID：
3546617925863927
3546665074035313
3546636538088397
3546665074035313
3546785878379455
3546786218117839
3546617925863927
3494351749515821
3546782621502097
3546696357251317
3546615468001725
3546735899052679
3546740932216872
3546665074035313
3546770453825608
3546775713483307
3546738113645029
3546779970702130
3546770453825608
646814842
599236650
3546764799904616
3546617925863927
3546766735575098
605364111
1719833502
3546605449906190
1792268520
605364111
605364111

 "同人总站" UID：
433719928
1727725776
42853238
1727725776
1335461955
1837691970
1597108950
3546786218117839
365225583
3546617925863927
3493077700315380
492821923
3546658337982832
3546783527471527
1530628534
346322692
3546632966637623
1446462069
3537122065647819
2088448685
335997080
3546617925863927
504835337
432502483
3546775749134681
1729754926
454149704
1633666681
504835337
503258218

 "同人总站" UID：
329547736
3494371722791693
503258218
23091718
700822128
3546678558722882
1459936932
384925347
3546759917734601
1334935785
1979300898
1619549806
6377073
331146658
587994730
3493277988817501
1859779071
1101476348
3546376923253289
2022251314
645762157
22311233
38061207
3546785941293895
3493077259913364
3546689197574925
3546755555658603
3546775713483307
3546787237333665
3546614033549380

 "同人总站" UID：
3546739275467712
3546739275467712
2032897021
3546739275467712
106817183
3546688344033469
3546699565893660
3493134300351155
670754379
1395981800
670754379
3493134300351155
40669195
3546658337982832
3546637911722478
3546637911722478
3546637911722478
3493278511008092
3493278511008092
3546617068128566
3546624880019962
3546624880019962
3546624880019962
3546617068128566
3546611068177177
3546617068128566
3546611068177177
3546613909817345
3546611068177177
3546564136011900

 "sodeno19新作品" UID：
2138840249
1374736847
53133915
700822128
20961442
3494375271172232
445963905
375285911
592450466
239803068
303240597
1769580664
12944570
34680779
303431934
3546718725475222
474826824
895617
3493087353506552
2017120970
3546615509944913
3537113526045132
3461582189234513
131566181
1067345710
53133915
548096997
3494375271172232
355092712
3546713612618379

 "sodeno19新作品" UID：
355092712
53133915
375707045
479694982
3461581782386729
1374736847
3546605909182739
511045085
53133915
375707045
1171322479
375707045
52257565
398095891
178171015
53133915
415374958
3494361524341138
3546631425231336
455889581
303240597
1731284
15166355
329219622
323712397
21760151
1068579138
213846551
31299807
303431934

 "sodeno19新作品" UID：
303240597
3461582189234513
3537113526045132
53133915
514786134
3494375271172232
1067345710
3461581782386729
53133915
323712397

 "AKT新作品" UID：
40955233
42853238
1727725776
1768225483
1415280103
439018214
474826824
294611905
1633928190
1633666681
3546686580328892
3546707310676955
504835337
1446462069
523050843
3494358693185618
3493130221389834
384925347
1879027803
3546786218117839
313964211
517196716
1727725776
3546617925863927
1203981456
294611905
548096997
436986407
3493285911857890
3461582189234513

 "AKT新作品" UID：
1879027803
1805753132
486954485
3546394411403957
1456604763
23091718
85398948
45996403
3546602220292513
480780848
493940312
3493298006133038
1882320700
294611905
1459936932
446002802
165498898
313309022
563261361
3546678558722882
1619549806
1979300898
325908414
3537122065647819
1081493678
167361417
492821923
3494352600959246
3546636571642160
1537015961

 "AKT新作品" UID：
3546724943530439
3546724943530439
3546724943530439
3546724943530439
3546724943530439
3546724943530439
3546724943530439
3546724943530439
3546724943530439
3546724943530439
3546724943530439
3546724943530439
3546724943530439
3546724943530439
3546724943530439
3546724943530439
3546724943530439
3546724943530439
3546724943530439
3546724943530439
3546724943530439
3546724943530439
3546724943530439
3546724943530439
3546724943530439
3546724943530439
3546724943530439
3546724943530439
3546724943530439
3546724943530439

 "VICINEKO新作品" UID：
1633666681
3546760119060995
479636172
3546617925863927
398095891
1257428014
517088787
386115183
1727725776
1081493678
439018214
1998379350
602012636
2131451319
19318789
3546614666889923
493940312
1727725776
3546394411403957
3546382839319263
40955233
3546617925863927
294611905
32241075
700822128
1203981456
65328456
645762157
43791565
486954485

 "VICINEKO新作品" UID：
313309022
23091718
486954485
3546775749134681
3537122065647819
1083495934
492821923
3546378611460145
3546615509944913
3546664025459361
479636172
41427397
1260325944
1363212749
341996746
1979300898
3494375271172232
3493095450610627
45996403
3493124716366096
3546678772632382
3546617873434973
6377073
2129423232
50997235
3493124716366096
3546681658313025
693555704
3493087359797400
332896928

 "VICINEKO新作品" UID：
645762157
693555704
1257428014
3546680511170936
3546678772632382
165610783
165610783
165610783
3546602220292513
602012636
3546602220292513
3493124716366096
386115183
386115183
332896928
3493124716366096
3493124716366096
2129423232
3493124716366096
3493124716366096
3493087353506552
222496684
332896928
332896928
501944830
332896928
1081493678
592450466
526269442
3461566066329622

 "rinhee yesui" UID：
122420004
2089713088
3493080921541370
167149520
1537015961
303240597
303240597
303240597
326732342
3537105013704884
37327171
3546777839995038
3493104948611433
498119009
95193173
71141004
1766067835
518834035
1374736847
1731284
1020047942
323712397
646196285
38541429
303240597
162589206
1020047942
3493109532985878
1020047942
3493087345118007

 "rinhee yesui" UID：
415411774
3546618882165308
37327171
630896801
1020047942
1849872
1731284
303240597
3546618882165308
303240597
1731284
5907649
3546617925863927
1731284
1265680561
6581305
1020047942
1731284
1060403830
37932465
3493121235094310
3546658090519364
303240597
303240597
3546605909182739
440556650
1731284
699886349
303240597
1731284

 "rinhee yesui" UID：

 "帮帮我的孩子 求助 水滴筹" UID：
297515310
3546634002630696
37890241
297515310
1631387908
478235281
279941881
3546574506428612
1235640290
601302110
1705932608
2080128108
3546712398366797
482095372
18435600
3546733600573796
3546743861938193
3546565664836519
75139618
11561502
490494088
3493262167902559
601587996
2069644796
3546561931905148
180359671
3546733409732694
1983906218
1483377593
3546636414356454

 "帮帮我的孩子 求助 水滴筹" UID：
3546636414356454
75139618
3546741076921045
690460299
1472015897
3546636414356454
1679208761
666843633
1993043920
90446897
2022952844
221556656
572503203
3546572283447559
3546726061312930
3856911
382057609
21034174
3494353955719628
3494375143246041
3494364491811695
1582908370
2022952844
3493094720801196
3546592367872871
3493276277540925
432109136
3546636414356454
572503203
439146202

 "帮帮我的孩子 求助 水滴筹" UID：
288611835
3546634002630696
1235640290
3546574506428612
3494366211475757
1994194781
225097139
297434372
279941881
1161998570

 "小蓝鸟反差博主推荐" UID：

 "小蓝鸟反差博主推荐" UID：
1666378019
3546711853108097
3546755287223179
3494353852959145
3494365460695664
3546755287223179
3493132230461794
10272440
6966899
3546780532738929
3546780499183909
25929017
1700841875
3546771345115620
3546711853108097
3546755287223179
409604529
34114099
520122010
3546747987036469
3546726623348764
3546711853108097
495042270
3546693849057618
3546726623348764
1685447464
666801036
627847313
3546726623348764
3546735316044265

 "小蓝鸟反差博主推荐" UID：
1700841875
3546711853108097
3546711853108097
3546774455192315
3546780648081883
3546711853108097
3546771345115620
3546771345115620
3546780648081883
3546759309560717
3546780394326932
3546711853108097
3546586372115357
3546780648081883
3546780648081883
3546780750842499
3546711853108097
3546711853108097
3546711853108097
281036831
3546711853108097
3546711853108097
3546711853108097
3546711853108097
3546711853108097
3546711853108097
3546711853108097
3546711853108097
3546711853108097
3546764313364490

 "弹力摇" UID：
526877516
57217475
3546604950784427
3546780396423337
1798932936
3546585921227710
233572908
317128624
3546390665890285
435771559
20912836
241741992
1725889117
68472709
3546737094429319
300192422
247081307
3546650024872068
3493095475776043
525709838
3546764999133748
2064444784
19511137
26177922
3546583884892177
3546645855733958
345923501
406495017
454400943
104525467

 "弹力摇" UID：
457726809
3546648468785873
436788615
3546583884892177
3546780396423337
3546583884892177
197798876
95755602
360090654
360090654
192323298
32803416
499605056
268536810
671525913
3546737094429319
3546693639342214
3546583884892177
314812905
3493095475776043
3546583884892177
1786870176
277602014
494751954
345531035
3546583884892177
316628751
3546390665890285
3546390665890285
95755602

 "弹力摇" UID：
671525913
3546648468785873
3546583884892177
3546780396423337
3546780396423337
3546764999133748
671525913
3546583884892177
671525913
3546648468785873
3546583884892177
499605056
451570427
3546568183515698
3546648468785873
671525913
3546737094429319
499605056
3546648468785873
313977313
313977313
671525913
384253068
670207440
3546648468785873
3546607242972092
3546583884892177
3546737094429319
671525913
671525913

 "盯榨倒计时" UID：
97501660
1433598692
34974285
3546735567702832
239147314
506652400
307310113
3546655372609885
13016032
3546753766787602
1028091704
527346785
3546642657577614
3546734435240463
508176934
3546682375539380
482094725
97501660
3546735567702832
691708088
3546583547251306
3546724605888810
3546717548972575
416283969
393694660
3546693802920418
1198056691
3537106276190293
3546727007127734
1470192972

 "盯榨倒计时" UID：
1470192972
3546682375539380
3546722108181213
1198056691
2601399
3546683744979602
307310113
181849129
483466816
3546767597505443
3546737799071850
495199273
527346785
395078074
3546571541056152
3546392586881641
3546717548972575
2064444784
1347703385
1107715492
3546693704354214
324821605
3546705232398385
3494374933531437
3546694260099602
2064444784
253163744
3546722108181213
3546722108181213
393694660

 "盯榨倒计时" UID：
3546757222894266
594649534
3546776365697430
3546757222894266
3546782164323012
3546757222894266
3546776365697430
3546757222894266
3546757222894266
1470192972
3546757222894266
3546757222894266
3546757222894266
3546757222894266
3546757222894266
3546757222894266
3546757222894266
3546757222894266
3546757222894266
3546757222894266
239147314
3546602752969542
3546602752969542
3249905
3546602752969542
13016032
487212819
487212819
487212819
487212819

 "月入代价拒绝社交" UID：
3546642282187093
3546642267507142
1490666775
3546642271701846
3546647999023983
3546641533503496
3546649515264204
3546646201763925
49839041
3546650142312907
253537481
3546646231124952
3461580821892017
3546645299988816
298241221
3546645973174998
3546715963525651
3493126943542033
3546639818033375
3546647906748978
652522840
1466447046
3546650154896208
3546559341923265
3546606066468941
24502415
2042031680
652239127
3493109161789488
1640434875

 "月入代价拒绝社交" UID：
1640434875
342257111
491142309
454220370
3546646231124952
1875716148
587367628
3546647999023983
347823435
3493267054266782
3537105311500944
3493143792060976
3537108836813373
3546592856509096
1339315455
3546385697737630
3493269572946248
3494378830039913
1224529610
3546375253919795
3537105691085208
3537108241222393
3493273104549913
1691236931
3494353496443718
3546559708924707
3494353666312805
3494353666312618
3494368753224474
3546383621556359

 "月入代价拒绝社交" UID：
3546645065107840
3546645107050974
3546653193669203
3546645402749911
3546645415332824
3494356239518126
3461580719131269
3546652723906878
3546652723906784
3546644712786498
3546652233173893
3546651021019821
3546645107050974
3546642282187093
3546642263312902
1379489109
3546651379632676
3546640075983026
3546642198301473
3546642338810733
3546642340907017
3546649414601348
3546645077691213
3546640099051717
3546650106661840
3546650104564179
3546649553013307
3546647978051758
3546643301403435
3546649553013615

 "原神崩铁不正经cos大电影" UID：
3546770453825608
317942112
3546779970702130
652424729
652424729
3546701096814997
3546735899052679
52250
1238753571
1928699576
268536810
210291
11742550
6768352
3949877
3066511
3015651
652424729
182679230
11742550
14158002
1607873297
606621984
3546787237333665
590613318
454639870
11742550
486954485
11742550
3546581934541205

 "原神崩铁不正经cos大电影" UID：
11742550
14158002
454639870
11742550
2144543
3546582326708660
590613318
1492841466
1836208568
480063150
33103179
317942112
11855362
297122199
3493295042857102
11742550
67109379
103075083
357301650
3546588641233737
3546763623402166
3494365095790831
346124580
11742550
11742550
317942112
27534330
3546702732593927
511045085
3546636580031225

 "原神崩铁不正经cos大电影" UID：
3546770453825608
373998252
6786221
3546705377102335
485044985
130715798
2113741280
3546649609636377
651405543
37027998
1986811825
1666599
25290185

 "套路直播芃芃大人" UID：
3546636219321212
487212819
30216138
390001271
500935494
97501660
416217601
408564972
487079735
3546653954934916
97501660
3546640333933434
30216138
257651582
3546715873347828
3546743878715508
19559457
1723205552
1454544026
3546740286294179
3546689512147739
487212819
421152335
36879494
421152335
3546640333933434
500935494
501190261
97501660
3546743878715508

 "套路直播芃芃大人" UID：
97501660
498555738
30216138
3546751195679487
3546743878715508
3546743878715508
97501660
3546742890956818
599512063
421152335
72638562
3546742890956818
1723205552
3546653954934916
3546653954934916
1421722901
421152335
280257246
629545145
3546384946956724
3546715873347828
432430211
3546745810192626
3546617898601146
343226374
432430211
3546743878715508
476161375
487079735
3546765936560155

 "套路直播芃芃大人" UID：
3546636219321212
1421722901
3546755691973092
3546755691973092
3546753766787602
3546755691973092
3546755691973092
3546753766787602
3546755691973092
387670667
3546755691973092
3546755691973092
3546743878715508
3546743878715508
408564972
1723205552
1723205552
1309802118
3546638381484131
1723205552
97501660
97501660
97501660
3546645585201844
97501660
3546640333933434
3546636561156753

 "这个逆天视频终于替大家找到了" UID：
3546768270690495
281273427
281237024
281257120
281273107
281231201
281272637
281238546
281230083
281255181
281273095
281089942
281090873
281231201
1965705943
281231221
281272285
496235277
281058656
281091360
281092247
281255210
281255179
281232852
58282150
281091830
281066731
3546573837437354
314007312
281090199

 "这个逆天视频终于替大家找到了" UID：
314007312
281231186
281238429
281253629
271476029
281238072
281090557
281255181
281231186
281055929
3546660659530171
596384212
281238555
281256029
281235351
281092677
281255098
281272638
281090570
281079312
281091130
281238543
281253687
524813381
3546575523547290
281255210
332293002
281092673
281272285
281092673

 "这个逆天视频终于替大家找到了" UID：
314007312
3546660659530171
281079190
281230083
281238429
281255210
281238546
281089723
281091689
281238543
241677488
3546756692314613
281253629
281055929
281237050
281059331
281079312
3546769820485712
281238551
281092544
281011845
281011845
281009352
281089942
281055444
281039797
496235277
3546768270690495

 "日本萝莉暗黑老师大雷" UID：
3546745271225187
3546737585162961
3546744803560057
3546749566192066
288133845
500773410
3546764843944918
2014063340
657516
3546767954020780
3546752630131304
3546764843944918
3546767182269254
3546754819557977
1512112517
280946927
3546752636422409
3546745275418902
3546784005622553
3546752634325524
3546781354821971
3546635239950522
3546755819899641
1512112517
3546692645292741
3546767951923745
3546776728504551
2014063340
3546758275664326
3546767954020780

 "日本萝莉暗黑老师大雷" UID：
3546777290541907
3546765399689971
3546773043808525
2014063340
3546768662858679
3546703059748902
3546767954020780
3546745281710441
3494371108325448
3546697873492771
3546755826190525
281055290
3546756339992627
3546760446216725
42781855
3493277833628217
3546758273567632
3546742633007241
3546759605258719
3546760775469189
3546752636422931
3546767211629098
3546758275664584
3546777563171506
1492549766
3546758271470544
3546755826190525
3546767933049035
3546745275418902
3546643072813229

 "日本萝莉暗黑老师大雷" UID：
3546767075314577
3546776451680913
3546770338482549
3546749566192066
3546745273321912
3546742630910566
3546745271225187
3546744803560057
3546680530045894
3546737585162961
3546692645292795
3546390936423068
3546615094708550
2014063340
2014063340
272536295
272536295

 "免费白嫖百度网盘会员svip365" UID：
544531426
3546611309349367
1695812796
52063301
267447210
2116746105
174319282
365158897
258946673
3494356136757670
1462846869
349524233
452375030
41037369
431041356
3546695889586462
289678194
354520797
258946673
1549220635
1048056650
1792698015
513060701
175940903
670096117
475243947
472298179
289521519
1415043754
4678114

 "免费白嫖百度网盘会员svip365" UID：
4678114
3493115056884656
441334495
3493095129745600
455615200
258946673
3546644884752638
1415043754
271926000
1580317150
1772452404
3546631179864846
258946673
258946673
343378723
517972851
5590202
309891078
3546631179864846
475243947
3546631179864846
3546631179864846
51976960
3546631179864846
3546704800385038
1197993448
3493265634494826
672504130
267447210
1030285317

 "免费白嫖百度网盘会员svip365" UID：
544531426
5934560
431041356
97393218
437501724
257750083
5934560
431041356
97393218
257750083
437501724
99910884
99910884
5934560
257750083
437501724
431041356
5934560
97393218
257750083
437501724
99910884
5934560
431041356
97393218
257750083
437501724
99910884
99910884
5934560

