 "安卓直装神作" UID：
3461565271509949
1860513723
3546751443143536
3493132800887145
245044545
436534706
410756668
494927708
454980267
1588796197
3494374210013684
1367710471
3546670912506030
1101220503
474924791
114362622
1376682929
631578742
1285319705
3494372192553231
336673915
3546685162654336
174980166
1463290564
1634852302
3546770680318339
699886349
346741977
3537118179625139
150251267

 "AKT新作品" UID：
3493285911857890
313309022
3546602220292513
1879027803
446002802
689981842
23091718
3494358693185618
388734590
1882320700
1979300898
13805902
3537122065647819
325908414
45996403
1805753132
1619549806
167361417
480780848
1456604763
3546678558722882
3461582189234513
32014460
3546775749134681
493940312
3493298006133038
492821923
1878653443
3546720524831370
544963

 "盯榨倒计时" UID：
3546757222894266
594649534
3546776365697430
3546757222894266
3546782164323012
3546757222894266
3546776365697430
3546757222894266
3546757222894266
1470192972
3546757222894266
3546757222894266
3546757222894266
3546757222894266
3546757222894266
3546757222894266
3546757222894266
3546757222894266
3546757222894266
3546757222894266
239147314
3546602752969542
3546602752969542
3249905
3546602752969542
13016032
487212819
487212819
487212819
487212819

 "日本萝莉暗黑老师大雷" UID：
2014063340
3546765399689971
3493277833628217
3546703059748902
2014063340
3546755826190525
3546767075314577
281055290
3546777290541907
3546756339992627
3546773043808525
3546742633007241
3494371108325448
3546765470992572
3546767954020780
3546767933049035
3546767211629098
3546758273567632
3546760775469189
3546767077411095
3546749377448468
3546767075314090
3546777563171506
3546758275664584
35378258
3546745281710441
42781855
3546752636422931
3546767075313966
3546760446216725

 "免费白嫖百度网盘会员svip365" UID：
3493115056884656
513060701
3546644884752638
309891078
1415043754
1580317150
1197993448
258946673
258946673
289521519
3493265634494826
258946673
271926000
3546631179864846
455017169
258946673
441334495
475243947
441334495
3546661290773276
3493095129745600
517972851
5590202
267447210
1406255334
3546631179864846
267447210
3546631179864846
490053277
3546631179864846

