 "ACT SLG ADV GAL游戏" UID：
3493086084729802
190201204
346561966
259961287
3461579209181942
1614998202
3546779505134549
3546599349291156
178058775
3493115824442104
17774009
22070668
1802213910
53618176
3493133828491416
3493093269571963
3646153
451043195
3546700635441718
44756977
24651162
415963970
691120790
1385959372
619343
1765963971
514139807
2313512
363924034
370076090

 "原神同人大佬" UID：
3546617925863927
3546665074035313
3546636538088397
3546665074035313
3546785878379455
3546786218117839
3546617925863927
3494351749515821
3546782621502097
3546696357251317
3546615468001725
3546735899052679
3546740932216872
3546665074035313
3546770453825608
3546775713483307
3546738113645029
3546779970702130
3546770453825608
646814842
599236650
3546764799904616
3546617925863927
3546766735575098
605364111
1719833502
3546605449906190
1792268520
605364111
605364111

 "sodeno19新作品" UID：
3494375271172232
3546713612618379
3546629309205411
3546631425231336
53133915
15166355
1068579138
479694982
53133915
3461581782386729
213846551
52257565
1373176832
398095891
1731284
511045085
3546605909182739
455889581
375707045
178171015
415374958
303240597
3494361524341138
494310
335177139
329219622
355092712
1171322479
323712397
21760151

 "小蓝鸟反差博主推荐" UID：
10272440
6966899
3546711853108097
3546773840726709
3546755287223179
3493132230461794
22311233
3493110839511225
3546613700102530
3546780532738929
3494365460695664
1700841875
495042270
3494353852959145
3546711853108097
409604529
3546771345115620
302472188
3546780499183909
666801036
3546755287223179
3546711853108097
520122010
25929017
3493140759578659
3546693849057618
3546755287223179
3546726623348764
1365518500
3546726623348764

