 "全动态汉化游戏" UID：
1597108950
520168350
4204070
3546772236405084
531791764
114362622
189053451
50022492
314844
241215063
360046931
26566594
3546642085054823
10007515
456201394
3546693165386233
2350587
24705673
1796861349
1503980214
114362622
3546685162654336
3546646176598282
1403202106
3546687041701996
35907426
619343
114362622
511983200
519975773

 "崩铁同人" UID：
10671099
82802250
index.shtml?track_id=pbaes.1qexC-jfVyV7lmYtNPxuzN1X4V0L3zbVRjqN54Rc8wIXarJk1CvYhHLdAlWlzdpCl-meuT1EBvDE_gS7SL89J7FyUfJW-KmSQUMkaOFvVko&CYSCID=bil01&from_bcg=bcg_12_174537864
3546761421392142
10671099
20005292
3546689197574925
1117830599
692752291
689981842
3546755721333236
3494365657827331
?track_id=pbaes.1qexC-jfVyV7lmYtNPxuzN1X4V0L3zbVRjqN54Rc8wJHvDHvwWAkky-TPIb6-vWluUBVsShLDPCIyyC4e-bjGDhAK7iTgAb5lVfnMCvsVIk&sid=new
600285389
550186475
102943
244120841
3546642221369354
3546615468001725
391552730
37281318
82802250
tracking?dap_code=f8b42f6aedc441a9a28205cced629283&track_id=pbaes.1qexC-jfVyV7lmYtNPxuzN1X4V0L3zbVRjqN54Rc8wJmX7X60otxhma45zdXeZy1xGZAvPSX0-dj5Ktxxn4KKd_xaDsFkSGsDgjvUJHG7SY&r=v&from_bcg=bcg_12_170286449
165509622
23091718
388734590
348453380
694171527
336157667
45996403

 "sodeno19新作品" UID：
2138840249
1374736847
53133915
700822128
20961442
3494375271172232
445963905
375285911
239803068
34680779
12944570
1769580664
303240597
592450466
303431934
3546718725475222
474826824
895617
3493087353506552
3546615509944913
375707045
3537113526045132
3461582189234513
1067345710
131566181
53133915
548096997
355092712
2017120970
375707045

 "AKT新作品" UID：
3493285911857890
313309022
3546602220292513
1879027803
446002802
689981842
388734590
23091718
3494358693185618
1882320700
1979300898
13805902
3537122065647819
325908414
1805753132
45996403
167361417
1619549806
480780848
1456604763
3546678558722882
3461582189234513
32014460
3546775749134681
493940312
3493298006133038
492821923
1878653443
3546720524831370
544963

 "帮帮我的孩子 求助 水滴筹" UID：
297515310
297515310
3546634002630696
37890241
3546712398366797
1631387908
601302110
478235281
279941881
3546574506428612
2080128108
482095372
1705932608
1235640290
3546743861938193
601587996
11561502
2022952844
3493262167902559
18435600
2069644796
3546565664836519
3546561931905148
3546733409732694
3546733600573796
180359671
572503203
1472015897
3546636414356454
3546636414356454

 "小蓝鸟反差博主推荐" UID：
3493132230461794
3546773840726709
3546755287223179
3546613700102530
22311233
3493110839511225
3546747987036469
3546780532738929
3494365460695664
3546711853108097
3494353852959145
3546755287223179
495042270
1365518500
409604529
3546771345115620
3546711853108097
3546711853108097
3546780499183909
3546711853108097
302472188
25929017
520122010
3493140759578659
1700841875
3546726623348764
353430462
3546755287223179
3546755287223179
3546693849057618

 "月入代价拒绝社交" UID：
3546642282187093
3546647999023983
1490666775
3546642267507142
3546646201763925
3546641533503496
3546642271701846
3546650142312907
49839041
3546649515264204
3546645299988816
3546646231124952
3546645973174998
298241221
253537481
3461580821892017
3546639818033375
3493126943542033
3546606066468941
652239127
3546715963525651
3546647906748978
652522840
1466447046
3546559341923265
3546650154896208
2042031680
454220370
3546646231124952
587367628

 "原神崩铁不正经cos大电影" UID：
3546770453825608
373998252
6786221
3546705377102335
485044985
130715798
2113741280
3546649609636377
651405543
37027998
1986811825
1666599
25290185

 "日本萝莉暗黑老师大雷" UID：
3546752634325524
3546765399689971
3493277833628217
3546703059748902
2014063340
3546755826190525
3546767075314577
281055290
3546756339992627
3546777290541907
3546773043808525
3546742633007241
3494371108325448
3546765470992572
3546767954020780
3546767933049035
3546767211629098
3546758273567632
3546760775469189
3546767077411095
3546749377448468
3546767075314090
3546777563171506
3546758275664584
35378258
42781855
3546745281710441
3546752636422931
3546767075313966
3546760446216725

 "免费白嫖百度网盘会员svip365" UID：
544531426
3537117414165391
5934560
431041356
97393218
437501724
257750083
5934560
431041356
97393218
257750083
437501724
99910884
99910884
5934560
257750083
437501724
431041356
5934560
97393218
257750083
437501724
99910884
5934560
431041356
97393218
257750083
437501724
99910884
99910884

