 "安卓直装神作" UID：
1860513723
3546751443143536
3493132800887145
1101220503
1588796197
245044545
436534706
410756668
494927708
454980267
1282107982
1367710471
3546670912506030
400631146
1376682929
474924791
631578742
114362622
1285319705
3494372192553231
1176650348
3546685162654336
1634852302
409741753
174980166
1463290564
3546770680318339
699886349
336673915
346741977

 "AKT新作品" UID：
40955233
42853238
294611905
1415280103
439018214
474826824
1633666681
1727725776
1768225483
504835337
3546686580328892
1633928190
1446462069
3493130221389834
486954485
384925347
3546707310676955
3546394411403957
523050843
689981842
3546786218117839
1727725776
517196716
1203981456
3546617925863927
294611905
23091718
436986407
548096997
85398948

 "弹力摇" UID：
526877516
57217475
3546604950784427
3546780396423337
1798932936
233572908
3546585921227710
317128624
3546390665890285
241741992
435771559
1725889117
20912836
3546737094429319
68472709
525709838
300192422
3546764999133748
3546650024872068
247081307
3493095475776043
2064444784
345923501
26177922
3546583884892177
454400943
19511137
104525467
3546648468785873
3546583884892177

 "弹力摇" UID：
3546645855733958
406495017
360090654
95755602
3546780396423337
457726809
3546583884892177
192323298
436788615
190970635
360090654
1786870176
197798876
345531035
32803416
3493095475776043
499605056
95755602
494751954
95755602
277602014
268536810
3546583884892177
3546737094429319
3546745388664969
3546583884892177
3546584428054798
3546693639342214
671525913
1558936806

 "月入代价拒绝社交" UID：
3546642282187093
3546642271701846
1490666775
3546642267507142
3546646201763925
3546641533503496
3546647999023983
3546650142312907
49839041
3546649515264204
3546645299988816
3546646231124952
3546645973174998
253537481
3461580821892017
298241221
3546647906748978
652522840
3493126943542033
3546606066468941
652239127
3546715963525651
3546650154896208
3546639818033375
1466447046
3546559341923265
2042031680
454220370
587367628
491142309

 "免费白嫖百度网盘会员svip365" UID：
544531426
3546611309349367
3537117414165391
1695812796
52063301
3494356136757670
2116746105
174319282
267447210
349524233
365158897
258946673
3546695889586462
289678194
1462846869
1048056650
431041356
452375030
1792698015
258946673
41037369
455615200
354520797
1549220635
1415043754
175940903
472298179
21076817
3546631179864846
3546704800385038

