 "帮帮我的孩子 求助 水滴筹" UID：
288611835
3546634002630696
1235640290
3546574506428612
3494366211475757
1994194781
225097139
297434372
279941881
1161998570

 "套路直播芃芃大人" UID：
3546636219321212
1421722901
3546755691973092
3546755691973092
3546753766787602
3546755691973092
3546755691973092
3546753766787602
3546755691973092
387670667
3546755691973092
3546755691973092
3546743878715508
3546743878715508
408564972
1723205552
1723205552
1309802118
3546638381484131
1723205552
97501660
97501660
97501660
3546645585201844
97501660
3546640333933434
3546636561156753

