 "全动态汉化游戏" UID：
1189272560
351607965
35907426
27013630
1151536766
53683139
114362622
1403202106
3546782661347753
1554519430
411056985
3546572507843379
1262499771
3546655433426999
484839768
3537115314915449
3546646176598282
2846448
503307205
3546391437642174
3546602629237672
95193173
3546683145193481
14174954
9139292
3546594448247681
619343
3546749566192091
319154728
4204070

 "AKT新作品" UID：
3546724943530439
3546724943530439
3546724943530439
3546724943530439
3546724943530439
3546724943530439
3546724943530439
3546724943530439
3546724943530439
3546724943530439
3546724943530439
3546724943530439
3546724943530439
3546724943530439
3546724943530439
3546724943530439
3546724943530439
3546724943530439
3546724943530439
3546724943530439
3546724943530439
3546724943530439
3546724943530439
3546724943530439
3546724943530439
3546724943530439
3546724943530439
3546724943530439
3546724943530439
3546724943530439

 "帮帮我的孩子 求助 水滴筹" UID：
297515310
297515310
3546634002630696
1631387908
37890241
478235281
3546574506428612
601302110
279941881
3546712398366797
2080128108
1705932608
1235640290
3546743861938193
482095372
601587996
11561502
2022952844
3493262167902559
18435600
2069644796
3546565664836519
3546561931905148
3546733600573796
1679208761
3546733409732694
572503203
1472015897
3546636414356454
3546636414356454

 "小蓝鸟反差博主推荐" UID：
10272440
6966899
3546711853108097
3493132230461794
22311233
3493110839511225
3546613700102530
3546780532738929
3494365460695664
3546773840726709
3546755287223179
1700841875
3494353852959145
495042270
3546711853108097
409604529
3546771345115620
302472188
3546780499183909
3546711853108097
666801036
3546755287223179
520122010
3493140759578659
25929017
3546693849057618
3546755287223179
3546726623348764
1365518500
3546726623348764

 "弹力摇" UID：
671525913
3546648468785873
3546583884892177
3546780396423337
3546780396423337
3546764999133748
671525913
3546583884892177
671525913
3546648468785873
3546583884892177
499605056
451570427
3546568183515698
3546648468785873
671525913
3546737094429319
499605056
3546648468785873
313977313
313977313
671525913
384253068
670207440
3546648468785873
3546607242972092
3546583884892177
3546737094429319
671525913
671525913

 "这个逆天视频终于替大家找到了" UID：
281257120
281273427
3546768270690495
281237024
281272637
281273107
281238546
281231201
281273095
281255181
281230083
281231221
281089942
281091360
281231201
281090557
281272285
281090873
1965705943
281232852
281058656
496235277
281090199
3546660659530171
281231186
281092247
3546573837437354
281231214
281255179
281090570

 "日本萝莉暗黑老师大雷" UID：
3546745271225187
3546744803560057
3546737585162961
3546749566192066
288133845
2014063340
657516
3546764843944918
3546752630131304
500773410
3546764843944918
3546767182269254
280946927
3546752636422409
1512112517
3546754819557977
3546767954020780
3546752634325524
3546777290541907
3546692645292741
3546784005622553
3546635239950522
3546755819899641
1512112517
3546777563171506
3546767951923745
3546781354821971
3546758275664326
3546745275418902
3546768662858679

