 "ACT SLG ADV GAL游戏" UID：
346561966
259961287
3461579209181942
1614998202
3546779505134549
3493115824442104
3546599349291156
178058775
17774009
22070668
1802213910
3493093269571963
53618176
3493133828491416
3546700635441718
3646153
451043195
415963970
44756977
24651162
691120790
1385959372
619343
1765963971
514139807
2313512
484804156
363924034
264281960
3493131628579208

 "同人总站" UID：
384925347
1729754926
3546678558722882
23091718
1334935785
1979300898
700822128
454149704
503258218
374818174
6377073
22311233
1619549806
2022251314
3493277988817501
53110725
3546759917734601
645762157
38061207
3546376923253289
1009329809
1101476348
501690053
331146658
587994730
1630625861
473387255
3546775713483307
1459936932
3546785941293895

 "sodeno19新作品" UID：
303240597
3461582189234513
3537113526045132
53133915
514786134
3494375271172232
1067345710
3461581782386729
53133915
323712397

 "VICINEKO新作品" UID：
1260325944
3546378611460145
341996746
3546775749134681
3546614666889923
492821923
1979300898
1083495934
3546382839319263
6377073
45996403
50997235
493940312
3494375271172232
479636172
313309022
3546379324492695
3546617873434973
3546664025459361
1363212749
505793723
3546678772632382
3493124716366096
313075203
3546702160070726
332896928
3546592013453891
3493095450610627
3546785878379455
3546619670693956

 "这个逆天视频终于替大家找到了" UID：
281502933
281255210
314007312
281255181
281091230
281091830
271476029
281272638
281055929
281066731
281238543
281255098
281092677
281092544
281238555
281235351
281231186
281238429
281272285
281257201
281255210
281272340
3546707788826887
281253629
281079312
58282150
3546575523547290
281237044
281092544
281238072

 "免费白嫖百度网盘会员svip365" UID：
544531426
3546611309349367
3537117414165391
1695812796
52063301
258946673
3494356136757670
267447210
2116746105
349524233
365158897
174319282
3546695889586462
289678194
258946673
1462846869
1048056650
431041356
41037369
354520797
1549220635
455615200
175940903
1792698015
472298179
452375030
670096117
3546631179864846
3546704800385038
4678114

