 "全动态汉化游戏" UID：
701732543
3546782661347753
1282107982
35907426
1189272560
351607965
456201394
1151536766
27013630
53683139
28580766
1554519430
411056985
3546655433426999
3546572507843379
3537115314915449
484839768
35907426
2846448
503307205
259798612
3546602629237672
95193173
1262499771
3546683145193481
3546780130085349
14174954
1100229065
3546594448247681
9139292

 "崩铁同人" UID：
110906
3546755721333236
2154169
3546770453825608
1510576749
110906
474860836
298537106
498923785
3546770453825608
9669021
3546389141260762
474860836
3494369707428357
3494369707428357
27113844
102943
3546759341017910
102943
3546781363210398
110906
3546768306342398
321201227
482500548
693394197
3493143173400751
675091115
9669021
322294803
3493081127062022

 "小蓝鸟反差博主推荐" UID：
10272440
6966899
3546711853108097
3546773840726709
3546755287223179
3493132230461794
22311233
3493110839511225
3546613700102530
3546780532738929
3494365460695664
495042270
1700841875
3493140759578659
3494353852959145
409604529
3546711853108097
3546771345115620
302472188
666801036
3546755287223179
3546711853108097
520122010
3546742840625341
25929017
3546693849057618
3546755287223179
3546726623348764
1365518500
3546780499183909

 "免费白嫖百度网盘会员svip365" UID：
544531426
3546611309349367
1695812796
3537117414165391
52063301
258946673
3494356136757670
267447210
2116746105
349524233
365158897
174319282
3546695889586462
289678194
258946673
1462846869
1048056650
431041356
452375030
41037369
354520797
455615200
1549220635
175940903
1792698015
472298179
670096117
3546631179864846
3546704800385038
4678114

