 "崩铁同人" UID：
1759081474
550186475
37281318
3493138201053286
102943
359863790
87188890
3546777330387515
648346501
336157667
3546610896210778
45996403
3546615468001725
472277133
3546708178897216
426563671
3546761421392142
476714097
1869317342
313309022
473148497
16596675
3546765726845590
3546755721333236
44062985
27534330
39937630
476714097
3493138201053286
3546772481771835

 "同人总站" UID：
384925347
1729754926
3546678558722882
23091718
1334935785
1979300898
700822128
454149704
503258218
374818174
6377073
22311233
1619549806
2022251314
53110725
3493277988817501
3546759917734601
38061207
645762157
1009329809
331146658
1101476348
3546376923253289
501690053
587994730
1630625861
3546775713483307
1459936932
3546785941293895
3493077259913364

 "rinhee yesui" UID：

 "小蓝鸟反差博主推荐" UID：
3546740533758030
1700841875
3546771345115620
3546613700102530
110904607
3546726623348764
3546726623348764
1271045110
3546726623348764
3546726625446599
3546726625446599
3546726625446599
3546759309560717
1270769295
3546780648081883
520550931
520550931
3546755287223179
1666378019
3546711853108097
3546747987036469
3546726623348764
3546780394326932
3493273746278979
3546776244063025
1666378019
3546755287223179
3546755287223179
3546755287223179
3546755287223179

 "弹力摇" UID：
671525913
3546648468785873
3546583884892177
3546780396423337
3546780396423337
3546764999133748
671525913
3546583884892177
671525913
3546648468785873
3546583884892177
499605056
451570427
3546568183515698
3546648468785873
671525913
3546737094429319
499605056
3546648468785873
313977313
313977313
671525913
384253068
670207440
3546648468785873
3546607242972092
3546583884892177
3546737094429319
671525913
671525913

 "月入代价拒绝社交" UID：
3546642282187093
3546647999023983
1490666775
3546642271701846
3546642267507142
3546646201763925
3546641533503496
3546650142312907
49839041
3546649515264204
3546645299988816
3546646231124952
3546645973174998
253537481
3461580821892017
3546639818033375
3493126943542033
3546606066468941
652239127
3546715963525651
298241221
3546647906748978
652522840
3546559341923265
3546650154896208
1466447046
2042031680
454220370
3546646231124952
587367628

