 "sodeno19新作品" UID：
3494375271172232
3546713612618379
3546629309205411
3546631425231336
53133915
15166355
1068579138
479694982
53133915
3461581782386729
213846551
52257565
1373176832
398095891
1731284
511045085
3546605909182739
455889581
375707045
178171015
415374958
303240597
3494361524341138
494310
335177139
329219622
355092712
1171322479
323712397
21760151

 "弹力摇" UID：
104525467
3546583884892177
192323298
360090654
3546780396423337
406495017
360090654
197798876
95755602
457726809
3546583884892177
1786870176
436788615
1786870176
95755602
3546745388664969
483889091
671525913
345531035
671525913
3546584428054798
32803416
3546583884892177
3493095475776043
494751954
95755602
277602014
268536810
3546583884892177
3546737094429319

