 "安卓直装神作" UID：
1860513723
3546751443143536
3493132800887145
1101220503
1588796197
245044545
436534706
410756668
454980267
1282107982
1367710471
400631146
3546670912506030
1376682929
474924791
114362622
631578742
1285319705
1176650348
3494372192553231
3546685162654336
1634852302
409741753
174980166
1463290564
3546770680318339
699886349
336673915
346741977
3537118179625139

 "同人总站" UID：
1727725776
433719928
42853238
1837691970
1597108950
1335461955
1727725776
365225583
346322692
3546617925863927
492821923
3546658337982832
3546786218117839
3546632966637623
3546783527471527
432502483
1530628534
3537122065647819
3546775749134681
335997080
504835337
3546617925863927
2088448685
1633666681
1446462069
3546617951029556
504835337
329547736
3206128
384925347

 "VICINEKO新作品" UID：
1633666681
3546760119060995
479636172
3546617925863927
517088787
1257428014
398095891
1727725776
386115183
1998379350
602012636
2131451319
1727725776
19318789
439018214
40955233
3546394411403957
1081493678
486954485
3537122065647819
3546615509944913
3546617925863927
294611905
1203981456
700822128
32241075
645762157
65328456
43791565
23091718

 "帮帮我的孩子 求助 水滴筹" UID：
297515310
297515310
3546634002630696
1631387908
37890241
478235281
3546574506428612
601302110
279941881
3546712398366797
2080128108
1705932608
1235640290
482095372
3546743861938193
601587996
11561502
2022952844
3493262167902559
18435600
2069644796
3546565664836519
3546561931905148
3546733600573796
3546733409732694
1679208761
572503203
3546636414356454
1472015897
3546636414356454

 "帮帮我的孩子 求助 水滴筹" UID：
180359671
690460299
490494088
75139618
3546636414356454
1983906218
572503203
3856911
1483377593
666843633
3546636414356454
1750228534
2022952844
3537118978640066
1993043920
3546592367872871
90446897
2022952844
265715673
3537118978640066
3493094720801196
1161998570
1582908370
3546726061312930
3494358179384151
3546636414356454
382057609
21034174
3546741076921045
3546572283447559

 "小蓝鸟反差博主推荐" UID：
3546740533758030
1700841875
3546771345115620
3546613700102530
1271045110
110904607
3546726623348764
3546726623348764
3546726623348764
3546726625446599
3546726625446599
3546726625446599
3546759309560717
1270769295
3546780648081883
520550931
520550931
3546755287223179
1666378019
3546711853108097
3546747987036469
3546726623348764
3546780394326932
3493273746278979
3546776244063025
3546755287223179
1666378019
3546755287223179
3546755287223179
3546755287223179

 "盯榨倒计时" UID：
3546757222894266
594649534
3546776365697430
3546757222894266
3546782164323012
3546757222894266
3546776365697430
3546757222894266
3546757222894266
1470192972
3546757222894266
3546757222894266
3546757222894266
3546757222894266
3546757222894266
3546757222894266
3546757222894266
3546757222894266
3546757222894266
3546757222894266
239147314
3546602752969542
3546602752969542
3249905
3546602752969542
13016032
487212819
487212819
487212819
487212819

 "月入代价拒绝社交" UID：
1640434875
491142309
587367628
347823435
3546647999023983
511389760
3493267054266782
3546639813839640
520873149
342257111
3537105311500944
3537108836813373
3493143792060976
3546592856509096
3546385697737630
501533740
3493273104549913
3494368753224474
3546375253919795
3493269572946248
3546597847730415
1339315455
3537109140900442
3537105691085208
3494353496443718
3546559708924707
1224529610
3537108241222393
3494378830039913
3546565035689995

 "日本萝莉暗黑老师大雷" UID：
3546777563171506
2014063340
3546767951923745
3546758275664326
3546781354821971
3546745275418902
3546768662858679
3546742633007241
3546703059748902
3546767075314577
3546760775469189
3546767077411095
3546765399689971
3546767211629098
3546758271470544
3546765470992572
3546755826190525
3546755826190525
3546756339992627
281055290
3546776728504551
3546773043808525
2014063340
3546767954020780
3546752636422931
3546767933049035
371697997
42781855
40705835
3546758273567632

 "免费白嫖百度网盘会员svip365" UID：
544531426
3537117414165391
5934560
431041356
97393218
437501724
257750083
5934560
431041356
97393218
257750083
437501724
99910884
99910884
5934560
257750083
437501724
431041356
5934560
97393218
257750083
437501724
99910884
5934560
431041356
97393218
257750083
437501724
99910884
99910884

