 "ACT SLG ADV GAL游戏" UID：
2024146516
190201204
346561966
259961287
3461579209181942
1614998202
3546779505134549
3546599349291156
178058775
3493115824442104
17774009
1802213910
22070668
3493093269571963
3493133828491416
53618176
3546700635441718
3646153
451043195
415963970
44756977
24651162
691120790
1385959372
619343
1765963971
514139807
2313512
363924034
264281960

 "安卓直装神作" UID：
1860513723
3546751443143536
3493132800887145
1101220503
1588796197
436534706
245044545
410756668
454980267
1282107982
1367710471
3546670912506030
400631146
474924791
114362622
1376682929
631578742
1285319705
3494372192553231
1176650348
3546685162654336
1463290564
1634852302
174980166
409741753
3546770680318339
699886349
336673915
3537118179625139
346741977

 "崩铁同人" UID：
110906
3546755721333236
2154169
3546770453825608
1510576749
110906
474860836
298537106
498923785
3546770453825608
9669021
3546389141260762
474860836
3494369707428357
3494369707428357
27113844
102943
3546759341017910
102943
3546781363210398
110906
3546768306342398
321201227
482500548
693394197
3493143173400751
675091115
9669021
322294803
3493081127062022

 "小蓝鸟反差博主推荐" UID：
10272440
6966899
3546711853108097
3493132230461794
22311233
3493110839511225
3546613700102530
3546780532738929
3494365460695664
3546773840726709
3546755287223179
1700841875
3494353852959145
3493140759578659
495042270
3546711853108097
409604529
3546771345115620
302472188
666801036
3546755287223179
3546711853108097
520122010
25929017
3546693849057618
3546726623348764
3546755287223179
1365518500
3546780499183909
353430462

 "原神崩铁不正经cos大电影" UID：
652424729
317942112
3546770453825608
3546779970702130
652424729
1928699576
52250
268536810
1238753571
3546701096814997
3546735899052679
210291
3015651
652424729
182679230
454639870
297122199
11742550
14158002
486954485
3066511
1607873297
606621984
6768352
3949877
3546581934541205
11742550
3493295042857102
8936293
590613318

 "套路直播芃芃大人" UID：
3546636219321212
487212819
30216138
500935494
408564972
97501660
390001271
416217601
487079735
3546640333933434
97501660
30216138
3546715873347828
3546653954934916
3546689512147739
257651582
30216138
3546743878715508
1723205552
1723205552
501190261
487212819
421152335
36879494
421152335
97501660
3546640333933434
97501660
599512063
500935494

 "这个逆天视频终于替大家找到了" UID：
314007312
3546660659530171
281079190
281230083
281238429
281255210
281238546
281089723
281091689
281238543
241677488
3546756692314613
281253629
281055929
281237050
281059331
281079312
3546769820485712
281238551
281092544
281011845
281011845
281009352
281089942
281055444
281039797
496235277
3546768270690495

