 "ACT SLG ADV GAL游戏" UID：
369332515
2840297
477894
3546642829544154
619897964
19571136
1247173616
3926937
10813825
1465127479
10296452
520065939
1708646944
2242934
33250747
3493115824442104
341488503
3493093269571963
691120790
623709969
3546659386558977
438212807
3537114809502385
1765963971
3461579209181942
359338040
3493086084729802
1026847559
3493115824442104
24868113

 "ACT SLG ADV GAL游戏" UID：
1290061063
415963970
691120790
22070668
2024146516
1385959372
259961287
3546779505134549
3546659386558977
3493115824442104
533047038
21024810
3493133828491416
514139807
178058775
53618176
346561966
520065939
3546725480401446
451043195
1614998202
3546594448247681
44756977
3546599349291156
495668919
111654140
203351609
17774009
21155598
264281960

 "ACT SLG ADV GAL游戏" UID：
3546598640454576
3546598640454576
619343
3546566390451169
10355008
383831199
383831199
10355008
645909450
1228126488

 "安卓直装神作" UID：
1514251547
352485305
3461563048527899
15127077
1303149669
513555193
1562948728
11648477
27013630
1176650348
1028730877
1653126028
3546772236405084
3546781052832071
691120790
440609380
3493132800887145
438212807
3546593359825612
1061882783
1376682929
1788107250
440097289
1303149669
410756668
519712411
1860513723
3546779521911314
3494374210013684
245044545

 "安卓直装神作" UID：
245044545
3546695583402569
114362622
3546770680318339
3546572507843379
454980267
1176650348
3546751443143536
3537118179625139
3537112540383261
2074071341
547122968
474924791
1282107982
3461565271509949
3546670912506030
3546757206116901
400631146
438212807
1367710471
699886349
1588796197
1285319705
174980166
3546772236405084
3537112540383261
436534706
3546650358320040
1463290564
3461565271509949

 "安卓直装神作" UID：
440609380
3546772236405084
3546772129450621
390006408
3546650358320040
239343186
3546784550882220
1610485128
3546672716057081
1587860860
26276136
1587860860
1587860860
1587860860
1587860860
35433992
3546687041701996
3546687041701996
3546780903934464
3546780130085349
10395096
60268727
405824281
3546777286347207
313122825
1587860860
1587860860
1587860860
1587860860
3546743211821879

 "全动态汉化游戏" UID：
1597108950
520168350
4204070
531791764
189053451
314844
10007515
3546772236405084
114362622
360046931
26566594
2350587
3546687041701996
456201394
3546646176598282
3546642085054823
241215063
351607965
1796861349
24705673
50022492
3546685162654336
519975773
28580766
511983200
114362622
701732543
1554519430
1403202106
619343

 "全动态汉化游戏" UID：
1403202106
53683139
619343
3546782661347753
484839768
1262499771
27013630
35907426
1503980214
1189272560
503307205
2846448
3546602629237672
386438919
35907426
114362622
95193173
411056985
387939896
1282107982
35907426
3546683145193481
9139292
14174954
456201394
3546715613301364
456201394
259798612
4204070
619343

 "全动态汉化游戏" UID：
1743798136
3546646176598282
3546687041701996
3546775113697342
3546707566528853
3546700635441718
10007515
381503833
264281960
697539302
3546710416558871
494916334
3546594448247681
697539302
3546594448247681
1208450653
417491195
3546646176598282
3546646176598282
3537121841252835
3546555827095866
3546755553561437
3546715613301364
3546566392548181
2074071341
129208542
129208542
1116764967
3546614440397499
3546569024473612

 "崩铁同人" UID：
10671099
3546689197574925
3546761421392142
20005292
82802250
692752291
1117830599
10671099
3546755721333236
3546642221369354
3494365657827331
391552730
600285389
689981842
244120841
3546615468001725
102943
325908414
165509622
3546777330387515
3546610896210778
23091718
348453380
1759081474
388734590
694171527
3494365095790831
1726481678
1998398321
3546615468001725

 "崩铁同人" UID：
82802250
45996403
472277133
3546708178897216
37281318
648346501
3493138201053286
3546761421392142
550186475
336157667
27534330
3546765726845590
426563671
359863790
3546770453825608
3537108710983746
102943
3546755721333236
3493138201053286
3546661888461509
404311320
44062985
476714097
3546629103683759
16596675
1869317342
313309022
3546772481771835
87188890
3494369707428357

 "崩铁同人" UID：
3546770453825608
110906
3546755721333236
2154169
3546770453825608
1510576749
110906
474860836
298537106
498923785
3546770453825608
9669021
3546389141260762
474860836
3494369707428357
3494369707428357
27113844
102943
3546759341017910
102943
3546781363210398
110906
3546768306342398
321201227
482500548
693394197
3493143173400751
675091115
9669021
322294803

 "原神同人大佬" UID：
527408854
3546786218117839
3546775749134681
3546617925863927
3537122065647819
1727725776
3546615509944913
3546615468001725
3546589488482848
3493116201929601
3537111078669205
3546617925863927
3546615509944913
3546738113645029
3546787237333665
486954485
93714982
1727725776
3494351749515821
3546394411403957
597461
3546617925863927
700822128
3546785941293895
3546665074035313
3493111732898341
22613731
544543545
669386706
3546378611460145

 "原神同人大佬" UID：
3546378611460145
3494365095790831
3546619670693956
3546786186660425
3546678558722882
324028711
3546773782006164
3546740932216872
16038862
3546779970702130
45996403
3546661888461509
3546615509944913
3494365095790831
486426632
3546722942847551
3546696602618482
1620832117
1727725776
1718515
3546758151932151
43855379
3494365095790831
3546786186660425
2085683699
3546689400998182
3546775713483307
385125902
1446462069
3493105693100041

 "原神同人大佬" UID：
3546617925863927
3546665074035313
3546636538088397
3546665074035313
3546785878379455
3546786218117839
3546617925863927
3494351749515821
3546782621502097
3546696357251317
3546615468001725
3546735899052679
3546740932216872
3546665074035313
3546770453825608
3546775713483307
3546738113645029
3546779970702130
3546770453825608
646814842
599236650
3546764799904616
3546617925863927
3546766735575098
605364111
1719833502
3546605449906190
1792268520
605364111
605364111

 "同人总站" UID：
433719928
1727725776
42853238
1335461955
1727725776
1837691970
1597108950
365225583
3546786218117839
3546617925863927
492821923
3546658337982832
3546783527471527
346322692
1530628534
335997080
3546632966637623
1446462069
3537122065647819
504835337
432502483
3546617925863927
2088448685
3546775749134681
504835337
1334935785
1729754926
1633666681
503258218
454149704

 "同人总站" UID：
329547736
3494371722791693
23091718
700822128
3206128
3546678558722882
384925347
1619549806
1979300898
1334935785
6377073
3493277988817501
3546376923253289
1101476348
2022251314
107639802
645762157
22311233
38061207
1459936932
3546755555658603
3546775713483307
3546787237333665
3546785941293895
473387255
3546740932216872
331146658
1630625861
58282150
1727725776

 "同人总站" UID：
3546739275467712
3546739275467712
2032897021
3546739275467712
106817183
3546688344033469
3546699565893660
3493134300351155
670754379
1395981800
670754379
3493134300351155
40669195
3546658337982832
3546637911722478
3546637911722478
3546637911722478
3493278511008092
3493278511008092
3546617068128566
3546624880019962
3546624880019962
3546624880019962
3546617068128566
3546611068177177
3546617068128566
3546611068177177
3546613909817345
3546611068177177
3546564136011900

 "sodeno19新作品" UID：
2138840249
1374736847
53133915
700822128
20961442
3494375271172232
445963905
375285911
592450466
239803068
303240597
1769580664
12944570
34680779
303431934
3546718725475222
474826824
895617
3493087353506552
2017120970
3546615509944913
3537113526045132
3461582189234513
131566181
1067345710
53133915
548096997
3494375271172232
355092712
3546713612618379

 "sodeno19新作品" UID：
3546629309205411
355092712
53133915
15166355
375707045
479694982
213846551
3461581782386729
1374736847
3546605909182739
1068579138
511045085
21760151
375707045
1171322479
375707045
3493262365035460
52257565
398095891
415374958
3494361524341138
53133915
323712397
3546383573322462
3546631425231336
455889581
303240597
1731284
329219622
323712397

 "sodeno19新作品" UID：
303240597
3461582189234513
3537113526045132
53133915
514786134
3494375271172232
1067345710
3461581782386729
53133915
323712397

 "AKT新作品" UID：
40955233
42853238
294611905
439018214
1415280103
474826824
1727725776
1768225483
1633666681
1633928190
3546686580328892
504835337
3493130221389834
3546707310676955
1446462069
486954485
384925347
523050843
3546786218117839
45996403
1879027803
1727725776
517196716
1203981456
3546617925863927
548096997
85398948
436986407
313309022
3493285911857890

 "AKT新作品" UID：
313309022
32014460
3546394411403957
3546602220292513
486954485
1456604763
85398948
45996403
23091718
480780848
493940312
3493298006133038
1882320700
294611905
1459936932
446002802
325908414
1979300898
165498898
1081493678
563261361
313309022
3546678558722882
3537122065647819
167361417
689981842
1619549806
3546636571642160
3494352600959246
3546724943530439

 "AKT新作品" UID：
3546724943530439
3546724943530439
3546724943530439
3546724943530439
3546724943530439
3546724943530439
3546724943530439
3546724943530439
3546724943530439
3546724943530439
3546724943530439
3546724943530439
3546724943530439
3546724943530439
3546724943530439
3546724943530439
3546724943530439
3546724943530439
3546724943530439
3546724943530439
3546724943530439
3546724943530439
3546724943530439
3546724943530439
3546724943530439
3546724943530439
3546724943530439
3546724943530439
3546724943530439
3546724943530439

 "VICINEKO新作品" UID：
1633666681
3546760119060995
479636172
3546617925863927
517088787
398095891
1257428014
1727725776
386115183
1081493678
439018214
1998379350
602012636
2131451319
1727725776
19318789
493940312
3546382839319263
3546614666889923
3546394411403957
40955233
3546617925863927
294611905
1203981456
700822128
32241075
65328456
645762157
43791565
23091718

 "VICINEKO新作品" UID：
486954485
3546775749134681
1083495934
313309022
3546378611460145
3546615509944913
3537122065647819
479636172
1979300898
1260325944
3546379324492695
492821923
341996746
6377073
3494375271172232
3493095450610627
3546678772632382
3493124716366096
45996403
3546617873434973
1363212749
2129423232
50997235
3493124716366096
3546702160070726
3546681658313025
3461566066329622
332896928
386115183
313075203

 "VICINEKO新作品" UID：
645762157
693555704
1257428014
3546680511170936
3546678772632382
165610783
165610783
165610783
3546602220292513
602012636
3546602220292513
3493124716366096
386115183
386115183
332896928
3493124716366096
3493124716366096
2129423232
3493124716366096
3493124716366096
3493087353506552
222496684
332896928
332896928
501944830
332896928
1081493678
592450466
526269442
3461566066329622

 "rinhee yesui" UID：
122420004
2089713088
3493080921541370
1537015961
167149520
303240597
303240597
303240597
326732342
37327171
3537105013704884
3546777839995038
3493104948611433
95193173
498119009
1374736847
1766067835
71141004
518834035
1731284
1020047942
323712397
646196285
38541429
303240597
162589206
1020047942
3493109532985878
1020047942
3493087345118007

 "rinhee yesui" UID：
3546618882165308
415411774
37327171
630896801
1020047942
1849872
1731284
303240597
1731284
3546618882165308
303240597
5907649
3546617925863927
1265680561
1731284
6581305
1020047942
1731284
37932465
3493121235094310
3546658090519364
303240597
303240597
303240597
3546605909182739
440556650
1731284
1060403830
699886349
303240597

 "rinhee yesui" UID：

 "帮帮我的孩子 求助 水滴筹" UID：
297515310
3546634002630696
37890241
1631387908
297515310
3546574506428612
478235281
601302110
1705932608
2080128108
279941881
3546712398366797
1235640290
482095372
18435600
3546565664836519
3546743861938193
3546733600573796
11561502
490494088
601587996
180359671
3493262167902559
2069644796
221556656
3546561931905148
1983906218
3546733409732694
1483377593
3546636414356454

 "帮帮我的孩子 求助 水滴筹" UID：
1483377593
3546636414356454
3546636414356454
690460299
1582908370
3546636414356454
1472015897
265715673
155390978
130660980
3546741076921045
2022952844
221556656
572503203
75139618
3494375143246041
3546572283447559
90446897
1605420950
3856911
21034174
666843633
3493257927461025
3494364491811695
3546726061312930
3546592367872871
2022952844
432109136
3546636414356454
382057609

 "帮帮我的孩子 求助 水滴筹" UID：
288611835
3546634002630696
1235640290
3546574506428612
3494366211475757
1994194781
225097139
297434372
279941881
1161998570

 "小蓝鸟反差博主推荐" UID：
3546740533758030
3546771345115620
3546613700102530
1700841875
1271045110
110904607
3546726623348764
3546726623348764
3546726623348764
3546726625446599
3546726625446599
1270769295
3546759309560717
3546726625446599
3546780648081883
3493273746278979
520550931
3546613700102530
3546755287223179
3546755287223179
3546755287223179
3546780394326932
3546726623348764
3546776244063025
10272440
520550931
3546773840726709
3546711853108097
3546755287223179
1666378019

 "小蓝鸟反差博主推荐" UID：
3546755287223179
3494353852959145
3546711853108097
3494365460695664
3546755287223179
1666378019
3546780499183909
6966899
3546780532738929
409604529
3493132230461794
25929017
3546747987036469
3546755287223179
3546771345115620
3546726623348764
22311233
3546711853108097
666801036
495042270
3546693849057618
1685447464
627847313
3546726623348764
1700841875
3546711853108097
3546726623348764
3493110839511225
283538467
3493140759578659

 "小蓝鸟反差博主推荐" UID：
1700841875
3546711853108097
3546711853108097
3546774455192315
3546780648081883
3546711853108097
3546771345115620
3546771345115620
3546780648081883
3546759309560717
3546780394326932
3546711853108097
3546586372115357
3546780648081883
3546780648081883
3546780750842499
3546711853108097
3546711853108097
3546711853108097
281036831
3546711853108097
3546711853108097
3546711853108097
3546711853108097
3546711853108097
3546711853108097
3546711853108097
3546711853108097
3546711853108097
3546764313364490

 "弹力摇" UID：
526877516
57217475
1798932936
3546604950784427
3546780396423337
3546390665890285
3546585921227710
317128624
233572908
435771559
20912836
241741992
1725889117
3546737094429319
68472709
525709838
345923501
300192422
190970635
247081307
3546764999133748
2064444784
3546650024872068
3493095475776043
3546645855733958
19511137
3546583884892177
26177922
3546648468785873
3546583884892177

 "弹力摇" UID：
457726809
3546648468785873
3546583884892177
436788615
3546780396423337
3546583884892177
197798876
95755602
360090654
360090654
192323298
499605056
32803416
268536810
671525913
3546737094429319
3546693639342214
3546583884892177
314812905
3493095475776043
3546583884892177
1786870176
277602014
345531035
494751954
3546583884892177
3546390665890285
3546390665890285
3546583884892177
190970635

 "弹力摇" UID：
671525913
3546648468785873
3546583884892177
3546780396423337
3546780396423337
3546764999133748
671525913
3546583884892177
671525913
3546648468785873
3546583884892177
499605056
451570427
3546568183515698
3546648468785873
671525913
3546737094429319
499605056
3546648468785873
313977313
313977313
671525913
384253068
670207440
3546648468785873
3546607242972092
3546583884892177
3546737094429319
671525913
671525913

 "盯榨倒计时" UID：
1433598692
34974285
97501660
3546735567702832
506652400
307310113
3546655372609885
239147314
13016032
527346785
3546642657577614
3546753766787602
97501660
508176934
3546682375539380
3546735567702832
1028091704
482094725
3546583547251306
3546734435240463
691708088
3546724605888810
3546717548972575
416283969
393694660
3546683744979602
3546727007127734
3546693802920418
3537106276190293
1470192972

 "盯榨倒计时" UID：
3546644182206917
3546722108181213
3546683744979602
1198056691
1416603394
307310113
181849129
2064444784
2601399
393694660
3546737799071850
495199273
527346785
395078074
3546571541056152
3546717548972575
3546392586881641
2064444784
3546767597505443
20119559
3546722108181213
3546660917479669
3546693704354214
324821605
3546694260099602
3546705232398385
1381534662
430913590
3546722108181213
3546722108181213

 "盯榨倒计时" UID：
3546757222894266
594649534
3546776365697430
3546757222894266
3546782164323012
3546757222894266
3546776365697430
3546757222894266
3546757222894266
1470192972
3546757222894266
3546757222894266
3546757222894266
3546757222894266
3546757222894266
3546757222894266
3546757222894266
3546757222894266
3546757222894266
3546757222894266
239147314
3546602752969542
3546602752969542
3249905
3546602752969542
13016032
487212819
487212819
487212819
487212819

 "月入代价拒绝社交" UID：
3546642282187093
3546642267507142
1490666775
3546642271701846
3546647999023983
3546641533503496
3546649515264204
3546650142312907
49839041
3546646201763925
253537481
3461580821892017
3546645299988816
298241221
3546645973174998
3546715963525651
3546646231124952
3493126943542033
652239127
3546639818033375
3546647906748978
652522840
1466447046
3546650154896208
3546559341923265
491142309
3546606066468941
2042031680
24502415
3493109161789488

 "月入代价拒绝社交" UID：
1640434875
342257111
491142309
454220370
3546646231124952
587367628
1875716148
3493267054266782
347823435
3546647999023983
3537105311500944
3537108836813373
3493143792060976
3494378830039913
3546592856509096
1339315455
3546385697737630
3493269572946248
1224529610
3546375253919795
3537105691085208
3537108241222393
3493273104549913
3494368753224474
501533740
1691236931
3494353496443718
3537109140900442
3546559708924707
3537123810478607

 "月入代价拒绝社交" UID：
3546645065107840
3546645107050974
3546653193669203
3546645402749911
3546645415332824
3494356239518126
3461580719131269
3546652723906878
3546652723906784
3546644712786498
3546652233173893
3546651021019821
3546645107050974
3546642282187093
3546642263312902
1379489109
3546651379632676
3546640075983026
3546642198301473
3546642338810733
3546642340907017
3546649414601348
3546645077691213
3546640099051717
3546650106661840
3546650104564179
3546649553013307
3546647978051758
3546643301403435
3546649553013615

 "原神崩铁不正经cos大电影" UID：
3546770453825608
317942112
652424729
3546779970702130
3546701096814997
652424729
52250
1238753571
3015651
1928699576
3546735899052679
268536810
210291
11742550
3546581934541205
171368594
3066511
6768352
652424729
3949877
182679230
1607873297
606621984
3546787237333665
3493269386299764
3493277087042285
590613318
2085683699
11742550
11742550

 "原神崩铁不正经cos大电影" UID：
3546582326708660
317942112
2085683699
2144543
480063150
3546731763468579
297122199
11855362
11742550
11742550
3493277087042285
11742550
346124580
2153376
3493295042857102
8936293
27534330
3494365095790831
357301650
317942112
3546588641233737
3546583090072549
6768352
590613318
7967009
67109379
171368594
3546763623402166
22659243
19800589

 "原神崩铁不正经cos大电影" UID：
3546770453825608
373998252
6786221
3546705377102335
485044985
130715798
2113741280
3546649609636377
651405543
37027998
1986811825
1666599
25290185

 "套路直播芃芃大人" UID：
3546636219321212
487212819
30216138
390001271
500935494
97501660
416217601
408564972
3546653954934916
487079735
97501660
3546640333933434
30216138
257651582
3546715873347828
19559457
1723205552
3546740286294179
3546689512147739
3546743878715508
501190261
487212819
421152335
36879494
421152335
3546640333933434
500935494
1454544026
97501660
498555738

 "套路直播芃芃大人" UID：
498555738
72638562
421152335
1723205552
30216138
3546751195679487
3546743878715508
97501660
421152335
3546742890956818
599512063
3546653954934916
3546742890956818
1723205552
3546653954934916
1421722901
280257246
629545145
3546384946956724
3546745810192626
421152335
3546715873347828
432430211
343226374
3546617898601146
3546743878715508
476161375
432430211
432430211
487079735

 "套路直播芃芃大人" UID：
3546636219321212
1421722901
3546755691973092
3546755691973092
3546753766787602
3546755691973092
3546755691973092
3546753766787602
3546755691973092
387670667
3546755691973092
3546755691973092
3546743878715508
3546743878715508
408564972
1723205552
1723205552
1309802118
3546638381484131
1723205552
97501660
97501660
97501660
3546645585201844
97501660
3546640333933434
3546636561156753

 "这个逆天视频终于替大家找到了" UID：
3546768270690495
281237024
281273427
281257120
281273107
281231201
281272637
281238546
281230083
281255181
281273095
281090873
281231201
1965705943
281231221
281272285
281089942
281058656
281091360
281092247
281255210
496235277
281255179
281232852
58282150
3546707788826887
281091830
281066731
3546573837437354
281090199

 "这个逆天视频终于替大家找到了" UID：
281091830
281231186
281238555
271476029
281055929
281231186
3546660659530171
281502933
596384212
281255098
281090557
281090570
281238543
281272638
281238429
524813381
281092677
281255210
3546575523547290
332293002
281235351
281079312
281253629
281272285
281238076
46931028
281255181
281092673
281092544
281272340

 "这个逆天视频终于替大家找到了" UID：
314007312
3546660659530171
281079190
281230083
281238429
281255210
281238546
281089723
281091689
281238543
241677488
3546756692314613
281253629
281055929
281237050
281059331
281079312
3546769820485712
281238551
281092544
281011845
281011845
281009352
281089942
281055444
281039797
496235277
3546768270690495

 "日本萝莉暗黑老师大雷" UID：
3546745271225187
3546737585162961
3546744803560057
3546749566192066
288133845
500773410
3546764843944918
2014063340
657516
3546767954020780
3546752630131304
3546764843944918
3546767182269254
3546754819557977
1512112517
280946927
3546752636422409
3546745275418902
3546784005622553
3546752634325524
3546781354821971
3546635239950522
3546755819899641
1512112517
3546692645292741
3546767951923745
3546776728504551
2014063340
3546758275664326
3546767954020780

 "日本萝莉暗黑老师大雷" UID：
2014063340
3546767954020780
3546777290541907
2014063340
3546773043808525
3546703059748902
3546755826190525
3546756339992627
3494371108325448
3546767954020780
3546745281710441
3546697873492771
281055290
3546758273567632
3546760446216725
42781855
3493277833628217
3546742633007241
3546759605258719
3546767075313966
3546752636422931
3546760775469189
3546767211629098
1653676841
3546777563171506
3546767211629535
3546767933049035
3546758275664584
3546755826190525
3546758271470544

 "日本萝莉暗黑老师大雷" UID：
3546767075314577
3546776451680913
3546770338482549
3546749566192066
3546745273321912
3546742630910566
3546745271225187
3546744803560057
3546680530045894
3546737585162961
3546692645292795
3546390936423068
3546615094708550
2014063340
2014063340
272536295
272536295

 "免费白嫖百度网盘会员svip365" UID：
544531426
3546611309349367
1695812796
52063301
267447210
2116746105
174319282
365158897
3494356136757670
258946673
1462846869
349524233
431041356
3546695889586462
289678194
354520797
258946673
1048056650
1792698015
1549220635
41037369
452375030
513060701
175940903
670096117
475243947
3546644884752638
289521519
4678114
472298179

 "免费白嫖百度网盘会员svip365" UID：
3493095129745600
258946673
455615200
271926000
3546644884752638
1772452404
1580317150
3493115056884656
258946673
258946673
672504130
343378723
258946673
309891078
5590202
475243947
3546631179864846
1415043754
517972851
441334495
1197993448
3493265634494826
267447210
441334495
1908316018
350839341
267447210
2116746105
3546704800385038
479575251

 "免费白嫖百度网盘会员svip365" UID：
544531426
5934560
431041356
97393218
437501724
257750083
5934560
431041356
97393218
257750083
437501724
99910884
99910884
5934560
257750083
437501724
431041356
5934560
97393218
257750083
437501724
99910884
5934560
431041356
97393218
257750083
437501724
99910884
99910884
5934560

