 "崩铁同人" UID：
472277133
37281318
1759081474
550186475
3493138201053286
1726481678
359863790
648346501
3546708178897216
336157667
3546610896210778
45996403
3546615468001725
404311320
3546761421392142
102943
426563671
476714097
87188890
1869317342
3546765726845590
3546629103683759
473148497
3546755721333236
16596675
3546770453825608
313309022
39937630
27534330
3493294831044940

 "VICINEKO新作品" UID：
645762157
693555704
1257428014
3546680511170936
3546678772632382
165610783
165610783
165610783
3546602220292513
602012636
3546602220292513
3493124716366096
386115183
386115183
332896928
3493124716366096
3493124716366096
2129423232
3493124716366096
3493124716366096
3493087353506552
222496684
332896928
332896928
501944830
332896928
1081493678
592450466
526269442
3461566066329622

