 "ACT SLG ADV GAL游戏" UID：

 "同人总站" UID：

 "帮帮我的孩子 求助 水滴筹" UID：
180359671
690460299
490494088
75139618
3546636414356454
3494364491811695
1983906218
572503203
3856911
1483377593
3546636414356454
666843633
1750228534
2022952844
3537118978640066
1993043920
3546592367872871
90446897
2022952844
265715673
3537118978640066
1582908370
1161998570
3493094720801196
3546726061312930
3494358179384151
221556656
3546636414356454
21034174
382057609

 "盯榨倒计时" UID：
97501660
1433598692
34974285
307310113
3546735567702832
506652400
239147314
3546655372609885
13016032
508176934
3546753766787602
527346785
3546734435240463
1028091704
3546735567702832
97501660
3546693802920418
3546642657577614
691708088
482094725
3546682375539380
3546724605888810
3546717548972575
416283969
495199273
3546727007127734
3546644182206917
1416603394
1470192972
1198056691

