 "ACT SLG ADV GAL游戏" UID：
369332515
2840297
3546642829544154
477894
3926937
1247173616
619897964
19571136
10296452
1465127479
3493115824442104
1708646944
341488503
1026847559
3493115824442104
520065939
3546709705623697
359338040
33250747
10813825
3546659386558977
438212807
3537114809502385
1765963971
226434354
24868113
259961287
1290061063
3546779505134549
2024146516

 "ACT SLG ADV GAL游戏" UID：
3546779505134549
415963970
3493086084729802
2242934
190201204
3461579209181942
346561966
3493093269571963
17774009
1614998202
3493115824442104
178058775
44756977
3546599349291156
22070668
53618176
1802213910
21024810
3493133828491416
3546594448247681
691120790
3546700635441718
3646153
451043195
370076090
1385959372
24651162
514139807
619343
1765963971

 "ACT SLG ADV GAL游戏" UID：
3546598640454576
3546598640454576
619343
3546566390451169
10355008
383831199
383831199
10355008
645909450
1228126488

 "安卓直装神作" UID：
1514251547
352485305
3461563048527899
3546772236405084
1303149669
15127077
11648477
513555193
1562948728
691120790
1176650348
1028730877
3546781052832071
3546779521911314
440609380
27013630
1653126028
519712411
1061882783
239343186
3546593359825612
1788107250
440097289
3546695583402569
1303149669
1376682929
494927708
3546572507843379
3493132800887145
438212807

 "安卓直装神作" UID：
631578742
440609380
3546751443143536
1367710471
3494374210013684
454980267
1860513723
3461565271509949
474924791
245044545
1588796197
436534706
3546770680318339
1101220503
494927708
409741753
699886349
29350823
3546679124953536
516934327
3546670912506030
336673915
689279517
3461565271509949
3494372192553231
3493115665058117
3546685162654336
1463290564
1176650348
3546782661347753

 "安卓直装神作" UID：
440609380
3546772236405084
3546772129450621
390006408
3546650358320040
239343186
3546784550882220
1610485128
3546672716057081
1587860860
26276136
1587860860
1587860860
1587860860
1587860860
35433992
3546687041701996
3546687041701996
3546780903934464
3546780130085349
10395096
60268727
405824281
3546777286347207
313122825
1587860860
1587860860
1587860860
1587860860
3546743211821879

 "全动态汉化游戏" UID：
1597108950
3546772236405084
520168350
4204070
531791764
114362622
10007515
50022492
3546646176598282
189053451
114362622
26566594
1503980214
1403202106
314844
241215063
360046931
3546642085054823
24705673
3546782661347753
519975773
3546685162654336
456201394
3546693165386233
2350587
28580766
1796861349
456201394
3546687041701996
35907426

 "全动态汉化游戏" UID：
3546655433426999
701732543
456201394
35907426
1151536766
114362622
619343
351607965
3546572507843379
511983200
3537115314915449
259798612
9139292
1554519430
503307205
411056985
35907426
1282107982
1189272560
14174954
3546708571065035
35907426
3546683145193481
456201394
3546780130085349
3546594448247681
484839768
246058637
4204070
3546602629237672

 "全动态汉化游戏" UID：
1743798136
3546646176598282
3546687041701996
3546775113697342
3546707566528853
3546700635441718
10007515
381503833
264281960
697539302
3546710416558871
494916334
3546594448247681
697539302
3546594448247681
1208450653
417491195
3546646176598282
3546646176598282
3537121841252835
3546555827095866
3546755553561437
3546715613301364
3546566392548181
2074071341
129208542
129208542
1116764967
3546614440397499
3546569024473612

 "崩铁同人" UID：
10671099
10671099
3546761421392142
82802250
20005292
3546689197574925
692752291
689981842
1117830599
600285389
3546755721333236
3494365657827331
165509622
391552730
244120841
694171527
3546642221369354
82802250
359863790
102943
3494365095790831
23091718
348453380
388734590
3546615468001725
1759081474
325908414
3493138201053286
37281318
1998398321

 "崩铁同人" UID：
325908414
1759081474
3494365095790831
3493138201053286
102943
3546615468001725
87188890
3546777330387515
550186475
45996403
336157667
472277133
3546708178897216
1869317342
16596675
426563671
3546761421392142
313309022
3493138201053286
3546755721333236
473148497
3546765726845590
3546708178897216
39937630
3546755721333236
44062985
476714097
102943
44062985
3546772481771835

 "崩铁同人" UID：
110906
3546755721333236
2154169
3546770453825608
1510576749
110906
474860836
298537106
498923785
3546770453825608
9669021
3546389141260762
474860836
3494369707428357
3494369707428357
27113844
102943
3546759341017910
102943
3546781363210398
110906
3546768306342398
321201227
482500548
693394197
3493143173400751
675091115
9669021
322294803
3493081127062022

 "原神同人大佬" UID：
527408854
3546786218117839
3546775749134681
1727725776
3546617925863927
3537122065647819
3546615509944913
3546615468001725
3546589488482848
3493116201929601
3537111078669205
3546615509944913
3546738113645029
486954485
93714982
1727725776
3546617925863927
3546394411403957
597461
3546785941293895
544543545
3546617925863927
22613731
700822128
3546619670693956
3494365095790831
324028711
3494351749515821
3546678558722882
3546782028008281

 "原神同人大佬" UID：
324028711
3546378611460145
669386706
1719833502
3493111732898341
544543545
3546722942847551
167460914
2129423232
3546770453825608
45996403
1620832117
3546786186660425
3546661888461509
107318873
43855379
1727725776
3546689400998182
329778002
2085683699
3546696602618482
3494365095790831
3546779970702130
20312066
3546773782006164
1859779071
3546775713483307
3546379324492695
2085683699
601687007

 "原神同人大佬" UID：
3546617925863927
3546665074035313
3546636538088397
3546665074035313
3546785878379455
3546786218117839
3546617925863927
3494351749515821
3546782621502097
3546696357251317
3546615468001725
3546735899052679
3546740932216872
3546665074035313
3546770453825608
3546775713483307
3546738113645029
3546779970702130
3546770453825608
646814842
599236650
3546764799904616
3546617925863927
3546766735575098
605364111
1719833502
3546605449906190
1792268520
605364111
605364111

 "同人总站" UID：
1727725776
433719928
42853238
1837691970
1597108950
1335461955
1727725776
365225583
492821923
3546658337982832
3493077700315380
3546786218117839
346322692
3546617925863927
3546632966637623
1530628534
3546783527471527
432502483
3537122065647819
1633666681
1446462069
3546617925863927
3546775749134681
335997080
504835337
2088448685
3546617951029556
329547736
3206128
1979300898

 "同人总站" UID：
329547736
1334935785
3546678558722882
504835337
2088448685
23091718
700822128
374818174
53110725
501690053
6377073
2022251314
454149704
3546376923253289
1619549806
3493277988817501
22311233
587994730
1009329809
38061207
645762157
3546759917734601
6377073
3493077259913364
503258218
1630625861
331146658
1886674585
1459936932
1727725776

 "同人总站" UID：
3546739275467712
3546739275467712
2032897021
3546739275467712
106817183
3546688344033469
3546699565893660
3493134300351155
670754379
1395981800
670754379
3493134300351155
40669195
3546658337982832
3546637911722478
3546637911722478
3546637911722478
3493278511008092
3493278511008092
3546617068128566
3546624880019962
3546624880019962
3546624880019962
3546617068128566
3546611068177177
3546617068128566
3546611068177177
3546613909817345
3546611068177177
3546564136011900

 "sodeno19新作品" UID：
2138840249
1374736847
700822128
53133915
20961442
3494375271172232
445963905
34680779
375285911
1769580664
239803068
12944570
592450466
303240597
3546718725475222
303431934
895617
474826824
3493087353506552
375707045
3546615509944913
3537113526045132
3461582189234513
131566181
1067345710
53133915
548096997
355092712
375707045
3494375271172232

 "sodeno19新作品" UID：
375707045
1068579138
3546713612618379
53133915
3546629309205411
3546631425231336
479694982
15166355
3461581782386729
3493087416420412
53133915
1373176832
398095891
1731284
213846551
52257565
511045085
3546605909182739
455889581
375707045
178171015
415374958
303240597
3494361524341138
335177139
3493262365035460
494310
323712397
303431934
329219622

 "sodeno19新作品" UID：
303240597
3461582189234513
3537113526045132
53133915
514786134
3494375271172232
1067345710
3461581782386729
53133915
323712397

 "AKT新作品" UID：
40955233
1415280103
42853238
294611905
439018214
474826824
1633666681
1727725776
1768225483
3546686580328892
504835337
3493130221389834
1633928190
384925347
1446462069
3493285911857890
3546707310676955
313964211
486954485
493940312
523050843
1727725776
517196716
1203981456
294611905
3546617925863927
165498898
436986407
85398948
548096997

 "AKT新作品" UID：
165498898
3493285911857890
23091718
1879027803
313964211
689981842
313309022
1979300898
446002802
3537122065647819
32014460
1619549806
3494358693185618
325908414
3493298006133038
3546775749134681
3546720524831370
1882320700
1805753132
45996403
480780848
167361417
1456604763
544963
13805902
3461582189234513
3546678558722882
3546629103683759
47718898
493940312

 "AKT新作品" UID：
3546724943530439
3546724943530439
3546724943530439
3546724943530439
3546724943530439
3546724943530439
3546724943530439
3546724943530439
3546724943530439
3546724943530439
3546724943530439
3546724943530439
3546724943530439
3546724943530439
3546724943530439
3546724943530439
3546724943530439
3546724943530439
3546724943530439
3546724943530439
3546724943530439
3546724943530439
3546724943530439
3546724943530439
3546724943530439
3546724943530439
3546724943530439
3546724943530439
3546724943530439
3546724943530439

 "VICINEKO新作品" UID：
1633666681
3546760119060995
479636172
3546617925863927
517088787
1257428014
398095891
1727725776
386115183
1998379350
2131451319
1727725776
602012636
19318789
40955233
3546394411403957
439018214
1081493678
492821923
3546614666889923
3546775749134681
3546617925863927
294611905
1203981456
32241075
700822128
65328456
645762157
486954485
3546378611460145

 "VICINEKO新作品" UID：
492821923
50997235
3546775749134681
3546615509944913
23091718
1979300898
3494375271172232
1081493678
3537122065647819
493940312
43791565
1083495934
6377073
45996403
3546592013453891
3546379324492695
3546619670693956
479636172
2129423232
313309022
1189709859
3546617873434973
1363212749
3546664025459361
3546678772632382
3493115799276174
3493124716366096
505793723
332896928
313075203

 "VICINEKO新作品" UID：
645762157
693555704
1257428014
3546680511170936
3546678772632382
165610783
165610783
165610783
3546602220292513
602012636
3546602220292513
3493124716366096
386115183
386115183
332896928
3493124716366096
3493124716366096
2129423232
3493124716366096
3493124716366096
3493087353506552
222496684
332896928
332896928
501944830
332896928
1081493678
592450466
526269442
3461566066329622

 "rinhee yesui" UID：
122420004
2089713088
167149520
303240597
3493080921541370
303240597
303240597
1537015961
326732342
498119009
3546777839995038
37327171
1731284
95193173
71141004
1766067835
3537105013704884
1374736847
518834035
3493104948611433
29150978
646196285
323712397
38541429
303240597
162589206
303240597
1849872
3493109532985878
3546617925863927

 "rinhee yesui" UID：
3546618882165308
3546617925863927
1731284
1731284
303240597
37327171
3493087345118007
630896801
1731284
1731284
5907649
1731284
1731284
1731284
2146823789
303240597
1731284
1731284
415411774
17479039
3546618882165308
696040130
1731284
6581305
196443583
303240597
1731284
37932465
1020047942
1020047942

 "rinhee yesui" UID：

 "帮帮我的孩子 求助 水滴筹" UID：
297515310
297515310
3546634002630696
1631387908
37890241
478235281
3546574506428612
3546712398366797
1235640290
482095372
1705932608
3546743861938193
601302110
601587996
11561502
279941881
3546565664836519
18435600
3493262167902559
3494364491811695
1472015897
2080128108
2022952844
3546733600573796
3546636414356454
1679208761
3546636414356454
2069644796
3546733409732694
180359671

 "帮帮我的孩子 求助 水滴筹" UID：
1983906218
3546636414356454
666843633
1483377593
690460299
3546636414356454
490494088
1993043920
572503203
3546726061312930
3546636414356454
3546741076921045
3856911
90446897
1750228534
2022952844
3546592367872871
1994194781
3494364491811695
3537118978640066
1582908370
2022952844
274038428
3537118978640066
382057609
3494358179384151
3546636414356454
1161998570
75139618
265715673

 "帮帮我的孩子 求助 水滴筹" UID：
288611835
3546634002630696
1235640290
3546574506428612
3494366211475757
1994194781
225097139
297434372
279941881
1161998570

 "小蓝鸟反差博主推荐" UID：
3546740533758030
1700841875
3546771345115620
1271045110
3546613700102530
110904607
3546726623348764
3546726625446599
3546726625446599
3546726625446599
3546726623348764
3546726623348764
3546759309560717
1270769295
3546780648081883
520550931
520550931
1666378019
10272440
3493132230461794
3546755287223179
3546780394326932
3546726623348764
3546776244063025
3493273746278979
1666378019
3546755287223179
3546755287223179
3546755287223179
6966899

 "小蓝鸟反差博主推荐" UID：
3546755287223179
6966899
3546755287223179
3546773840726709
3546755287223179
3546613700102530
3494365460695664
3493110839511225
3546711853108097
3493132230461794
1700841875
302472188
3546780532738929
3546780499183909
22311233
3494353852959145
495042270
3546771345115620
409604529
3546711853108097
520122010
666801036
3546726623348764
3493140759578659
3546780648081883
3546693849057618
3546755287223179
25929017
3546755287223179
3546726623348764

 "小蓝鸟反差博主推荐" UID：
1700841875
3546711853108097
3546711853108097
3546774455192315
3546780648081883
3546711853108097
3546771345115620
3546771345115620
3546780648081883
3546759309560717
3546780394326932
3546711853108097
3546586372115357
3546780648081883
3546780648081883
3546780750842499
3546711853108097
3546711853108097
3546711853108097
281036831
3546711853108097
3546711853108097
3546711853108097
3546711853108097
3546711853108097
3546711853108097
3546711853108097
3546711853108097
3546711853108097
3546764313364490

 "弹力摇" UID：
526877516
57217475
3546604950784427
3546780396423337
1798932936
3546585921227710
233572908
3546390665890285
317128624
435771559
241741992
1725889117
20912836
68472709
3546737094429319
525709838
3546764999133748
345923501
300192422
247081307
3546650024872068
2064444784
3546583884892177
19511137
3493095475776043
3546583884892177
95755602
454400943
3546780396423337
3546648468785873

 "弹力摇" UID：
3546648468785873
360090654
406495017
3546645855733958
104525467
3546583884892177
360090654
436788615
457726809
3546583884892177
32803416
1786870176
499605056
95755602
95755602
345531035
190970635
192323298
197798876
3546737094429319
494751954
3546583884892177
492710441
3546583884892177
3546745388664969
671525913
277602014
3546583884892177
3546633717418975
3493095475776043

 "弹力摇" UID：
671525913
3546648468785873
3546583884892177
3546780396423337
3546780396423337
3546764999133748
671525913
3546583884892177
671525913
3546648468785873
3546583884892177
499605056
451570427
3546568183515698
3546648468785873
671525913
3546737094429319
499605056
3546648468785873
313977313
313977313
671525913
384253068
670207440
3546648468785873
3546607242972092
3546583884892177
3546737094429319
671525913
671525913

 "盯榨倒计时" UID：
1433598692
97501660
307310113
34974285
3546735567702832
506652400
239147314
3546655372609885
13016032
527346785
3546753766787602
97501660
482094725
691708088
1028091704
3546693802920418
3546734435240463
3546735567702832
3546642657577614
508176934
3546727007127734
3546724605888810
3546717548972575
416283969
393694660
495199273
1470192972
3537106276190293
1198056691
3546722108181213

 "盯榨倒计时" UID：
3537106276190293
1198056691
3546722108181213
3546722108181213
2064444784
2601399
3546754280589385
508176934
3546683744979602
3546722108181213
3546737799071850
527346785
3546683744979602
3546392586881641
3546571541056152
3546705232398385
3546717548972575
395078074
181849129
411806998
2064444784
3546583547251306
483466816
3546693704354214
324821605
495199273
3546734435240463
307310113
1768423795
3494374933531437

 "盯榨倒计时" UID：
3546757222894266
594649534
3546776365697430
3546757222894266
3546782164323012
3546757222894266
3546776365697430
3546757222894266
3546757222894266
1470192972
3546757222894266
3546757222894266
3546757222894266
3546757222894266
3546757222894266
3546757222894266
3546757222894266
3546757222894266
3546757222894266
3546757222894266
239147314
3546602752969542
3546602752969542
3249905
3546602752969542
13016032
487212819
487212819
487212819
487212819

 "月入代价拒绝社交" UID：
3546642282187093
3546647999023983
1490666775
3546646201763925
3546641533503496
3546642271701846
3546650142312907
3546642267507142
49839041
3546645299988816
3546649515264204
3546645973174998
3546646231124952
3546715963525651
3546647906748978
3546639818033375
3493126943542033
3546606066468941
652239127
3546559341923265
253537481
3461580821892017
298241221
3546646231124952
3546650154896208
1466447046
2042031680
652522840
454220370
3493267054266782

 "月入代价拒绝社交" UID：
3493267054266782
491142309
1640434875
587367628
3546647999023983
454220370
478301389
511389760
3546606114704145
1286368235
3537105311500944
3493143792060976
3494378830039913
3537108836813373
3546385697737630
1339315455
3546592856509096
3494368753224474
3493273104549913
3546559708924707
3546375253919795
501533740
3493259764566675
3537108241222393
3494353496443718
3546565033593613
1224529610
3493269572946248
1691236931
3546597847730415

 "月入代价拒绝社交" UID：
3546645065107840
3546645107050974
3546653193669203
3546645402749911
3546645415332824
3494356239518126
3461580719131269
3546652723906878
3546652723906784
3546644712786498
3546652233173893
3546651021019821
3546645107050974
3546642282187093
3546642263312902
1379489109
3546651379632676
3546640075983026
3546642198301473
3546642338810733
3546642340907017
3546649414601348
3546645077691213
3546640099051717
3546650106661840
3546650104564179
3546649553013307
3546647978051758
3546643301403435
3546649553013615

 "原神崩铁不正经cos大电影" UID：
652424729
317942112
3546779970702130
652424729
1928699576
3546770453825608
268536810
1238753571
52250
3546701096814997
3546735899052679
652424729
182679230
3015651
210291
3949877
297122199
3066511
486954485
11742550
3546581934541205
1607873297
606621984
14158002
3493295042857102
6768352
454639870
590613318
3546582326708660
11742550

 "原神崩铁不正经cos大电影" UID：
11742550
454639870
2085683699
11855362
357301650
11742550
27534330
3493277087042285
3546588641233737
3546582326708660
33103179
3494365095790831
1441390
7967009
1360010
7967009
11742550
3546731763468579
8936293
4461993
317942112
590613318
11742550
3546583090072549
67109379
2144543
6768352
11742550
171368594
511045085

 "原神崩铁不正经cos大电影" UID：
3546770453825608
373998252
6786221
3546705377102335
485044985
130715798
2113741280
3546649609636377
651405543
37027998
1986811825
1666599
25290185

 "套路直播芃芃大人" UID：
3546636219321212
487212819
30216138
500935494
97501660
416217601
390001271
408564972
487079735
3546715873347828
3546640333933434
97501660
3546689512147739
3546653954934916
257651582
30216138
30216138
3546743878715508
1723205552
1723205552
501190261
487212819
421152335
36879494
421152335
3546640333933434
97501660
500935494
19559457
3546751195679487

 "套路直播芃芃大人" UID：
421152335
500935494
501190261
97501660
1723205552
3546751195679487
3546743878715508
3546742890956818
3546653954934916
629545145
498555738
3546743878715508
72638562
3546715873347828
487079735
3546653954934916
599512063
3546617898601146
280257246
432430211
476161375
421152335
3546715873347828
3546653954934916
1421722901
343226374
432430211
3546715873347828
432430211
432430211

 "套路直播芃芃大人" UID：
3546636219321212
1421722901
3546755691973092
3546755691973092
3546753766787602
3546755691973092
3546755691973092
3546753766787602
3546755691973092
387670667
3546755691973092
3546755691973092
3546743878715508
3546743878715508
408564972
1723205552
1723205552
1309802118
3546638381484131
1723205552
97501660
97501660
97501660
3546645585201844
97501660
3546640333933434
3546636561156753

 "这个逆天视频终于替大家找到了" UID：
281257120
281273427
3546768270690495
281273107
281237024
281272637
281238546
281231201
281273095
281230083
281255181
281231221
281089942
281091360
281231201
281272285
281090557
1965705943
281090873
281232852
281058656
496235277
3546660659530171
281090199
281231186
281231214
281092247
3546573837437354
281255179
281090570

 "这个逆天视频终于替大家找到了" UID：
281090570
314007312
496235277
281272285
281255210
271476029
281502933
281272638
281255181
281255098
281066731
281092677
281055929
281238543
281092544
281238555
281235351
281255210
281231186
281238429
281257201
3546575523547290
281272340
3546707788826887
281253629
58282150
281079312
332293002
281237044
281092544

 "这个逆天视频终于替大家找到了" UID：
314007312
3546660659530171
281079190
281230083
281238429
281255210
281238546
281089723
281091689
281238543
241677488
3546756692314613
281253629
281055929
281237050
281059331
281079312
3546769820485712
281238551
281092544
281011845
281011845
281009352
281089942
281055444
281039797
496235277
3546768270690495

 "日本萝莉暗黑老师大雷" UID：
3546745271225187
3546737585162961
3546744803560057
3546749566192066
288133845
3546764843944918
3546767954020780
657516
2014063340
500773410
280946927
3546781354821971
3546752630131304
3546767182269254
3546764843944918
1512112517
3546752636422409
3546767951923745
3546754819557977
3546692645292741
3546745275418902
3546635239950522
3546755819899641
1512112517
3546758275664326
3546784005622553
3546767954020780
2014063340
3546776728504551
3546758273567632

 "日本萝莉暗黑老师大雷" UID：
3546767077411095
3546752634325524
3493277833628217
3546703059748902
3546768662858679
3546765399689971
2014063340
3546773043808525
281055290
3546767075314577
3546767211629098
3494371108325448
3546742633007241
3546767954020780
3546755826190525
3546767933049035
3546758273567632
3546777290541907
3546760775469189
3546765470992572
3546749377448468
3546767075314090
3546745281710441
35378258
3546758275664584
3546759605258719
42781855
3546752636422931
3546760446216725
1653676841

 "日本萝莉暗黑老师大雷" UID：
3546767075314577
3546776451680913
3546770338482549
3546749566192066
3546745273321912
3546742630910566
3546745271225187
3546744803560057
3546680530045894
3546737585162961
3546692645292795
3546390936423068
3546615094708550
2014063340
2014063340
272536295
272536295

 "免费白嫖百度网盘会员svip365" UID：
544531426
3546611309349367
1695812796
3537117414165391
52063301
267447210
3494356136757670
2116746105
3461566867442431
365158897
258946673
1048056650
289678194
349524233
174319282
258946673
3546695889586462
455615200
431041356
41037369
3546704800385038
354520797
670096117
1462846869
1549220635
1792698015
175940903
1415043754
3493115056884656
452375030

 "免费白嫖百度网盘会员svip365" UID：
4678114
3493115056884656
513060701
441334495
309891078
3546644884752638
3546631179864846
1580317150
258946673
1792698015
517972851
289521519
258946673
3546631179864846
3546631179864846
267447210
271926000
267447210
3546631179864846
258946673
455017169
475243947
51976960
441334495
3493265634494826
5590202
1406255334
535020806
3493095129745600
3546661290773276

 "免费白嫖百度网盘会员svip365" UID：
544531426
3537117414165391
5934560
431041356
97393218
437501724
257750083
5934560
431041356
97393218
257750083
437501724
99910884
99910884
5934560
257750083
437501724
431041356
5934560
97393218
257750083
437501724
99910884
5934560
431041356
97393218
257750083
437501724
99910884
99910884

 "24年四六级" UID：
1059811410
389142335
402377950
74109292
1453503426
315966694
11021614
6546326
402377950
513866289
389142335
74109292
1048467205
389142335
491240131
1851606398
11021614
389142335
389142335
124702780
1120073146
11021614
2064569539
6546326
3546744711285275
3546649039211173
11021614
389142335
11021614
503144626

 "24年四六级" UID：
11021614
271970833
11021614
3546756274981716
1306073371
11021614
11021614
11021614
11021614
3546384416377449
491240131
11021614
11021614
1096834297
389142335
11021614
298786044
11021614
2064569539
37153003
11021614
1477438522
491240131
11021614
1497463202
1736761653
3493299266521971
74109292
48133212
271970833

 "24年四六级" UID：
1077227593
1459161584
1077227593
74109292
1096834297
1096834297
1077227593
1096834297
1851606398
1077227593
3546782623599397
1077227593
3546758216944542
1077227593
3546633266530616
1851606398
2010620716
3493299266521971
1809687647
3493299266521971
480642796
1096834297
3493299266521971
1096834297
1096834297
3546764258838743
1096834297
3546756832824098
1096834297
1096834297

