 "ACT SLG ADV GAL游戏" UID：
369332515
2840297
3546642829544154
3926937
477894
1247173616
619897964
1465127479
3493115824442104
19571136
10296452
1708646944
341488503
359338040
3493115824442104
1026847559
520065939
3546709705623697
10813825
33250747
3546659386558977
438212807
3537114809502385
1765963971
226434354
24868113
1290061063
2024146516
623709969
3493086084729802

 "ACT SLG ADV GAL游戏" UID：
10813825
33250747
1614998202
1802213910
672514799
1290061063
3493086084729802
346561966
2242934
1765963971
190201204
228383554
619343
259961287
3546779505134549
3493115824442104
3546599349291156
17774009
599284767
53618176
3493133828491416
10860024
21155598
3461579209181942
481356296
3493093269571963
8863674
691120790
3646153
3546700635441718

 "ACT SLG ADV GAL游戏" UID：
3546598640454576
3546598640454576
619343
3546566390451169
10355008
383831199
383831199
10355008
645909450
1228126488

 "安卓直装神作" UID：
1514251547
352485305
15127077
1303149669
11648477
513555193
1028730877
1653126028
1176650348
3461563048527899
3546772236405084
440609380
691120790
1562948728
1061882783
519712411
239343186
3546695583402569
3546593359825612
3546779521911314
3494374210013684
1788107250
440097289
438212807
3461565271509949
3461565271509949
1860513723
1463290564
1588796197
1101220503

 "安卓直装神作" UID：
1860513723
3546751443143536
1101220503
1588796197
410756668
245044545
436534706
454980267
3493132800887145
494927708
1282107982
1367710471
400631146
114362622
474924791
3546670912506030
1376682929
631578742
1285319705
1176650348
336673915
3494372192553231
3546685162654336
1463290564
174980166
3493115665058117
3546770680318339
699886349
3537118179625139
3537112540383261

 "安卓直装神作" UID：
440609380
3546772236405084
3546772129450621
390006408
3546650358320040
239343186
3546784550882220
1610485128
3546672716057081
1587860860
26276136
1587860860
1587860860
1587860860
1587860860
35433992
3546687041701996
3546687041701996
3546780903934464
3546780130085349
10395096
60268727
405824281
3546777286347207
313122825
1587860860
1587860860
1587860860
1587860860
3546743211821879

 "全动态汉化游戏" UID：
1597108950
520168350
4204070
3546772236405084
531791764
114362622
189053451
50022492
314844
241215063
26566594
360046931
10007515
1796861349
456201394
3546693165386233
2350587
3546642085054823
24705673
1503980214
3546646176598282
3546685162654336
1403202106
3546687041701996
35907426
114362622
114362622
619343
511983200
519975773

 "全动态汉化游戏" UID：
519975773
114362622
35907426
1189272560
1282107982
351607965
35907426
3546782661347753
1151536766
53683139
27013630
1262499771
1554519430
3546572507843379
3546655433426999
484839768
3537115314915449
2846448
503307205
3546391437642174
1646767216
3546602629237672
28580766
95193173
1305963533
3546683145193481
456201394
14174954
3546749566192091
9139292

 "全动态汉化游戏" UID：
1743798136
3546646176598282
3546687041701996
3546775113697342
3546707566528853
3546700635441718
10007515
381503833
264281960
697539302
3546710416558871
494916334
3546594448247681
697539302
3546594448247681
1208450653
417491195
3546646176598282
3546646176598282
3537121841252835
3546555827095866
3546755553561437
3546715613301364
3546566392548181
2074071341
129208542
129208542
1116764967
3546614440397499
3546569024473612

 "崩铁同人" UID：
10671099
10671099
index.shtml?track_id=pbaes.ha_TPqWTHoVKQvQkFypSYVj57epA4_Z64GMFwI034szvWSl3uiMSThmi5k1aWq5f5NwKXo7Gf54Pls7BymDseaLX4BrqsbDe3g4j6jBAHa8&CYSCID=bil01&from_bcg=bcg_12_174537864
3546761421392142
82802250
692752291
20005292
3546689197574925
689981842
1117830599
600285389
3546755721333236
?track_id=pbaes.ha_TPqWTHoVKQvQkFypSYVj57epA4_Z64GMFwI034sweLAzUbHaNLEzs5TMCu-hrxpgmNYQx-Bc7ewF-7LrHpPwSaXKHdbcdVXs3c-rrYwo&sid=new
3494365657827331
244120841
550186475
102943
3546642221369354
3546615468001725
82802250
391552730
37281318
tracking?dap_code=f8b42f6aedc441a9a28205cced629283&track_id=pbaes.ha_TPqWTHoVKQvQkFypSYVj57epA4_Z64GMFwI034szLGX4TgUehs6tKASUcbZXDu94abT_jsqe8pLLXxS8bmHjdj5BPdA0UC4zJn5P7rgk&r=v&from_bcg=bcg_12_170286449
165509622
23091718
388734590
348453380
694171527
336157667
3493138201053286

 "崩铁同人" UID：
648346501
3494365095790831
37281318
3493138201053286
102943
359863790
550186475
87188890
3546777330387515
336157667
3546610896210778
3546615468001725
45996403
472277133
3546708178897216
426563671
3546761421392142
1869317342
313309022
476714097
473148497
16596675
3546765726845590
3546755721333236
44062985
3546755721333236
39937630
476714097
3493138201053286
3546772481771835

 "崩铁同人" UID：
110906
3546755721333236
2154169
3546770453825608
1510576749
110906
474860836
298537106
498923785
3546770453825608
9669021
3546389141260762
474860836
3494369707428357
3494369707428357
27113844
102943
3546759341017910
102943
3546781363210398
110906
3546768306342398
321201227
482500548
693394197
3493143173400751
675091115
9669021
322294803
3493081127062022

 "原神同人大佬" UID：
527408854
3546786218117839
3546775749134681
1727725776
3546617925863927
3546615509944913
3537122065647819
3546589488482848
3546615468001725
3493116201929601
3546738113645029
3546615509944913
486954485
3537111078669205
3546617925863927
3546394411403957
597461
1727725776
93714982
3494351749515821
3546665074035313
3546617925863927
22613731
700822128
3546619670693956
3546785941293895
324028711
3546678558722882
3494365095790831
3546782028008281

 "原神同人大佬" UID：
3546378611460145
669386706
544543545
3493111732898341
3546722942847551
16038862
45996403
3546661888461509
2129423232
3546615509944913
43855379
1727725776
3546786186660425
1620832117
354495598
3546689400998182
3546779970702130
2085683699
3494365095790831
3546696602618482
107318873
167460914
1859779071
329778002
2085683699
3546773782006164
3546758151932151
385125902
3493121618872785
50997235

 "原神同人大佬" UID：
3546617925863927
3546665074035313
3546636538088397
3546665074035313
3546785878379455
3546786218117839
3546617925863927
3494351749515821
3546782621502097
3546696357251317
3546615468001725
3546735899052679
3546740932216872
3546665074035313
3546770453825608
3546775713483307
3546738113645029
3546779970702130
3546770453825608
646814842
599236650
3546764799904616
3546617925863927
3546766735575098
605364111
1719833502
3546605449906190
1792268520
605364111
605364111

 "同人总站" UID：
1727725776
433719928
42853238
1837691970
1597108950
1335461955
1727725776
365225583
346322692
3546617925863927
492821923
3546658337982832
3493077700315380
3546786218117839
3546632966637623
3546783527471527
432502483
1530628534
3537122065647819
1633666681
3546775749134681
3546617925863927
335997080
504835337
2088448685
1446462069
3546617951029556
504835337
329547736
3206128

 "同人总站" UID：
3206128
384925347
3537111078669205
3546678558722882
1979300898
1334935785
374818174
700822128
503258218
1619549806
1101476348
6377073
53110725
3494371722791693
22311233
1729754926
2022251314
3493277988817501
38061207
3546759917734601
645762157
1009329809
3546376923253289
331146658
501690053
1630625861
587994730
3546775713483307
1660161752
1459936932

 "同人总站" UID：
3546739275467712
3546739275467712
2032897021
3546739275467712
106817183
3546688344033469
3546699565893660
3493134300351155
670754379
1395981800
670754379
3493134300351155
40669195
3546658337982832
3546637911722478
3546637911722478
3546637911722478
3493278511008092
3493278511008092
3546617068128566
3546624880019962
3546624880019962
3546624880019962
3546617068128566
3546611068177177
3546617068128566
3546611068177177
3546613909817345
3546611068177177
3546564136011900

 "sodeno19新作品" UID：
2138840249
1374736847
53133915
700822128
20961442
3494375271172232
445963905
375285911
239803068
34680779
12944570
1769580664
303240597
592450466
303431934
3546718725475222
474826824
895617
3493087353506552
3546615509944913
375707045
3537113526045132
3461582189234513
1067345710
131566181
53133915
548096997
355092712
2017120970
375707045

 "sodeno19新作品" UID：
3494375271172232
3546713612618379
3546629309205411
3546631425231336
479694982
53133915
15166355
1068579138
213846551
53133915
3461581782386729
1373176832
398095891
1731284
52257565
511045085
3546605909182739
455889581
375707045
178171015
415374958
303240597
3494361524341138
494310
335177139
329219622
355092712
1374736847
1171322479
323712397

 "sodeno19新作品" UID：
303240597
3461582189234513
3537113526045132
53133915
514786134
3494375271172232
1067345710
3461581782386729
53133915
323712397

 "AKT新作品" UID：
40955233
42853238
294611905
1415280103
439018214
1633666681
474826824
1727725776
1768225483
3546686580328892
504835337
1633928190
1446462069
3546707310676955
3493130221389834
486954485
384925347
523050843
3546394411403957
3546786218117839
313964211
1727725776
517196716
1203981456
3546617925863927
294611905
436986407
548096997
85398948
3493285911857890

 "AKT新作品" UID：
32014460
689981842
3546602220292513
85398948
3493285911857890
165498898
313309022
313964211
3546775749134681
1081493678
1979300898
446002802
3537122065647819
3494358693185618
388734590
1882320700
313309022
45996403
335997080
167361417
13805902
480780848
492821923
1619549806
1456604763
3461582189234513
1805753132
3546678558722882
3546629103683759
517088787

 "AKT新作品" UID：
3546724943530439
3546724943530439
3546724943530439
3546724943530439
3546724943530439
3546724943530439
3546724943530439
3546724943530439
3546724943530439
3546724943530439
3546724943530439
3546724943530439
3546724943530439
3546724943530439
3546724943530439
3546724943530439
3546724943530439
3546724943530439
3546724943530439
3546724943530439
3546724943530439
3546724943530439
3546724943530439
3546724943530439
3546724943530439
3546724943530439
3546724943530439
3546724943530439
3546724943530439
3546724943530439

 "VICINEKO新作品" UID：
1633666681
3546760119060995
479636172
3546617925863927
517088787
1257428014
398095891
1727725776
386115183
1998379350
602012636
2131451319
1727725776
19318789
439018214
40955233
3546394411403957
1081493678
486954485
3537122065647819
3546615509944913
3546617925863927
294611905
1203981456
700822128
32241075
645762157
65328456
43791565
23091718

 "VICINEKO新作品" UID：
3546378611460145
3546615509944913
1260325944
3546614666889923
3546775749134681
492821923
1083495934
1979300898
3546382839319263
6377073
1374736847
45996403
493940312
50997235
3494375271172232
479636172
313309022
3546617873434973
1363212749
3546379324492695
505793723
3546664025459361
3546678772632382
3493124716366096
313075203
3546702160070726
332896928
3546592013453891
3493095450610627
3546785878379455

 "VICINEKO新作品" UID：
645762157
693555704
1257428014
3546680511170936
3546678772632382
165610783
165610783
165610783
3546602220292513
602012636
3546602220292513
3493124716366096
386115183
386115183
332896928
3493124716366096
3493124716366096
2129423232
3493124716366096
3493124716366096
3493087353506552
222496684
332896928
332896928
501944830
332896928
1081493678
592450466
526269442
3461566066329622

 "rinhee yesui" UID：
122420004
2089713088
3493080921541370
167149520
1537015961
303240597
303240597
303240597
326732342
95193173
498119009
71141004
37327171
3546777839995038
1766067835
1374736847
3537105013704884
518834035
1731284
3493104948611433
415411774
646196285
323712397
38541429
303240597
162589206
303240597
3493109532985878
3546618882165308
29150978

 "rinhee yesui" UID：
3546617925863927
1731284
37327171
5907649
1731284
303240597
630896801
1731284
415411774
1731284
1731284
6581305
3493087345118007
2146823789
303240597
303240597
1731284
1731284
1731284
1731284
696040130
1020047942
1020047942
3546618882165308
1731284
196443583
1731284
1731284
37932465
1265680561

 "rinhee yesui" UID：

 "帮帮我的孩子 求助 水滴筹" UID：
297515310
297515310
3546634002630696
1631387908
37890241
478235281
3546574506428612
601302110
279941881
3546712398366797
2080128108
1705932608
1235640290
482095372
3546743861938193
601587996
2022952844
11561502
3493262167902559
18435600
2069644796
3546565664836519
3546561931905148
3546733409732694
3546733600573796
1679208761
1472015897
3546636414356454
572503203
3546636414356454

 "帮帮我的孩子 求助 水滴筹" UID：
3546636414356454
690460299
75139618
490494088
3494364491811695
3546636414356454
1993043920
3856911
1983906218
572503203
1483377593
666843633
3546636414356454
1750228534
2022952844
3537118978640066
3546592367872871
1582908370
90446897
265715673
2022952844
155390978
3537118978640066
3493094720801196
1161998570
130660980
3546726061312930
3494358179384151
221556656
3546636414356454

 "帮帮我的孩子 求助 水滴筹" UID：
288611835
3546634002630696
1235640290
3546574506428612
3494366211475757
1994194781
225097139
297434372
279941881
1161998570

 "小蓝鸟反差博主推荐" UID：
3546740533758030
1700841875
3546771345115620
3546613700102530
1271045110
3546726623348764
110904607
3546726623348764
3546726623348764
3546726625446599
3546726625446599
3546726625446599
3546759309560717
1270769295
3493273746278979
3546780648081883
520550931
520550931
1666378019
1666378019
3546711853108097
3546726623348764
3546780394326932
3546776244063025
3546755287223179
3546755287223179
3546755287223179
3546747987036469
3546755287223179
10272440

 "小蓝鸟反差博主推荐" UID：
6966899
3546755287223179
3546711853108097
3546773840726709
3546755287223179
3493132230461794
22311233
3493110839511225
3546613700102530
3546780532738929
3494365460695664
1700841875
3494353852959145
495042270
3546711853108097
302472188
3546771345115620
409604529
3546755287223179
3546780499183909
666801036
3546711853108097
520122010
25929017
3493140759578659
1365518500
3546693849057618
3546755287223179
3546726623348764
3546726623348764

 "小蓝鸟反差博主推荐" UID：
1700841875
3546711853108097
3546711853108097
3546774455192315
3546780648081883
3546711853108097
3546771345115620
3546771345115620
3546780648081883
3546759309560717
3546780394326932
3546711853108097
3546586372115357
3546780648081883
3546780648081883
3546780750842499
3546711853108097
3546711853108097
3546711853108097
281036831
3546711853108097
3546711853108097
3546711853108097
3546711853108097
3546711853108097
3546711853108097
3546711853108097
3546711853108097
3546711853108097
3546764313364490

 "弹力摇" UID：
526877516
57217475
1798932936
3546604950784427
3546780396423337
3546585921227710
3546390665890285
233572908
317128624
435771559
241741992
1725889117
3546737094429319
20912836
525709838
68472709
345923501
300192422
190970635
3546650024872068
247081307
2064444784
3546764999133748
3493095475776043
26177922
3546583884892177
3546648468785873
3546645855733958
454400943
19511137

 "弹力摇" UID：
360090654
3546645855733958
406495017
457726809
3546780396423337
95755602
3546583884892177
192323298
190970635
1786870176
360090654
436788615
197798876
345531035
32803416
3493095475776043
95755602
499605056
277602014
494751954
268536810
95755602
3546583884892177
3546737094429319
3546745388664969
3546583884892177
3546584428054798
671525913
3546693639342214
483889091

 "弹力摇" UID：
671525913
3546648468785873
3546583884892177
3546780396423337
3546780396423337
3546764999133748
671525913
3546583884892177
671525913
3546648468785873
3546583884892177
499605056
451570427
3546568183515698
3546648468785873
671525913
3546737094429319
499605056
3546648468785873
313977313
313977313
671525913
384253068
670207440
3546648468785873
3546607242972092
3546583884892177
3546737094429319
671525913
671525913

 "盯榨倒计时" UID：
97501660
1433598692
34974285
307310113
506652400
3546735567702832
239147314
3546655372609885
13016032
527346785
3546753766787602
508176934
3546734435240463
1028091704
3546735567702832
97501660
3546693802920418
3546642657577614
691708088
482094725
3546682375539380
3546724605888810
3546717548972575
416283969
495199273
3546727007127734
3546644182206917
1416603394
1198056691
1470192972

 "盯榨倒计时" UID：
1198056691
3546583547251306
3537106276190293
508176934
3546722108181213
2601399
3546683744979602
181849129
3546754280589385
3546722108181213
3546737799071850
3546683744979602
527346785
3546571541056152
3546717548972575
3546392586881641
3546705232398385
324821605
2064444784
3546722108181213
395078074
307310113
1768423795
2064444784
393694660
3546693704354214
594649534
3546723414706670
1255827702
20119559

 "盯榨倒计时" UID：
3546757222894266
594649534
3546776365697430
3546757222894266
3546782164323012
3546757222894266
3546776365697430
3546757222894266
3546757222894266
1470192972
3546757222894266
3546757222894266
3546757222894266
3546757222894266
3546757222894266
3546757222894266
3546757222894266
3546757222894266
3546757222894266
3546757222894266
239147314
3546602752969542
3546602752969542
3249905
3546602752969542
13016032
487212819
487212819
487212819
487212819

 "月入代价拒绝社交" UID：
3546642282187093
3546647999023983
1490666775
3546642271701846
3546646201763925
3546641533503496
3546642267507142
3546650142312907
49839041
3546649515264204
3546645299988816
3546646231124952
3546645973174998
253537481
3461580821892017
3546715963525651
298241221
3546647906748978
652522840
3546639818033375
3493126943542033
3546606066468941
652239127
3546559341923265
1466447046
2042031680
3546646231124952
587367628
491142309
491142309

 "月入代价拒绝社交" UID：
491142309
491142309
1640434875
511389760
3546647999023983
3493267054266782
3546639813839640
347823435
520873149
1286368235
3537105311500944
3537108836813373
3493143792060976
3494378830039913
3546592856509096
3546385697737630
501533740
3493273104549913
3494368753224474
3546375253919795
3493269572946248
3546597847730415
1339315455
3537109140900442
3537105691085208
3494353496443718
3546559708924707
3546562856749864
3537108241222393
3546565035689995

 "月入代价拒绝社交" UID：
3546645065107840
3546645107050974
3546653193669203
3546645402749911
3546645415332824
3494356239518126
3461580719131269
3546652723906878
3546652723906784
3546644712786498
3546652233173893
3546651021019821
3546645107050974
3546642282187093
3546642263312902
1379489109
3546651379632676
3546640075983026
3546642198301473
3546642338810733
3546642340907017
3546649414601348
3546645077691213
3546640099051717
3546650106661840
3546650104564179
3546649553013307
3546647978051758
3546643301403435
3546649553013615

 "原神崩铁不正经cos大电影" UID：
652424729
317942112
3546770453825608
3546779970702130
652424729
1928699576
52250
268536810
1238753571
3546701096814997
3546735899052679
210291
3015651
652424729
182679230
3546763623402166
11742550
297122199
486954485
3949877
3066511
1607873297
606621984
3546581934541205
14158002
3493295042857102
590613318
6768352
346124580
3546582326708660

 "原神崩铁不正经cos大电影" UID：
11742550
27534330
11855362
454639870
317942112
357301650
11742550
2085683699
480063150
2144543
11742550
3493277087042285
3546636580031225
67109379
3546731763468579
3494365095790831
8936293
3546588641233737
11742550
6768352
3546583090072549
317942112
11742550
7967009
34332497
1360010
11742550
2337499
590613318
171368594

 "原神崩铁不正经cos大电影" UID：
3546770453825608
373998252
6786221
3546705377102335
485044985
130715798
2113741280
3546649609636377
651405543
37027998
1986811825
1666599
25290185

 "套路直播芃芃大人" UID：
3546636219321212
487212819
30216138
500935494
408564972
97501660
390001271
416217601
487079735
3546640333933434
97501660
3546715873347828
30216138
3546653954934916
3546689512147739
257651582
30216138
3546743878715508
1723205552
1723205552
501190261
487212819
421152335
36879494
421152335
97501660
3546640333933434
500935494
19559457
421152335

 "套路直播芃芃大人" UID：
421152335
501190261
1723205552
421152335
3546751195679487
3546743878715508
97501660
3546742890956818
498555738
3546743878715508
3546653954934916
72638562
629545145
599512063
487079735
3546653954934916
3546715873347828
280257246
3546617898601146
432430211
476161375
343226374
421152335
3546653954934916
1421722901
432430211
283823860
3546715873347828
3546715873347828
432430211

 "套路直播芃芃大人" UID：
3546636219321212
1421722901
3546755691973092
3546755691973092
3546753766787602
3546755691973092
3546755691973092
3546753766787602
3546755691973092
387670667
3546755691973092
3546755691973092
3546743878715508
3546743878715508
408564972
1723205552
1723205552
1309802118
3546638381484131
1723205552
97501660
97501660
97501660
3546645585201844
97501660
3546640333933434
3546636561156753

 "这个逆天视频终于替大家找到了" UID：
281257120
281273427
3546768270690495
281237024
281272637
281273107
281238546
281231201
281273095
281230083
281255181
281231221
281089942
281091360
281231201
281090557
281272285
1965705943
281090873
281232852
281058656
496235277
281090199
3546660659530171
281231186
281092247
3546573837437354
281231214
281255179
281090570

 "这个逆天视频终于替大家找到了" UID：
281502933
281255210
281091230
314007312
281255181
281091830
271476029
281272638
281055929
281238543
281066731
281255098
281092544
281092677
281238555
281235351
281231186
281238429
281257201
281272285
281272340
281255210
281253629
3546707788826887
281079312
58282150
3546575523547290
281237044
281092544
281238072

 "这个逆天视频终于替大家找到了" UID：
314007312
3546660659530171
281079190
281230083
281238429
281255210
281238546
281089723
281091689
281238543
241677488
3546756692314613
281253629
281055929
281237050
281059331
281079312
3546769820485712
281238551
281092544
281011845
281011845
281009352
281089942
281055444
281039797
496235277
3546768270690495

 "日本萝莉暗黑老师大雷" UID：
3546745271225187
3546744803560057
3546737585162961
3546749566192066
288133845
2014063340
657516
3546764843944918
3546752630131304
500773410
3546764843944918
3546767182269254
280946927
3546752636422409
1512112517
3546754819557977
3546767954020780
3546752634325524
3546777290541907
3546692645292741
3546784005622553
3546635239950522
3546755819899641
1512112517
3546777563171506
3546767951923745
3546758275664326
3546781354821971
3546745275418902
3546768662858679

 "日本萝莉暗黑老师大雷" UID：
3546767954020780
2014063340
3546752634325524
3546765399689971
3493277833628217
3546767933049035
3546703059748902
2014063340
3546767211629535
3546745281710441
3546745271225187
3546755826190525
3546745271225187
3546767075314577
3546758275664584
281055290
3546756339992627
3546697873492771
3546692645292795
3546777290541907
3494371108325448
3546767954020780
3546742633007241
3546760775469189
3546765470992572
3546767211629098
3546767077411095
3546749377448468
3546777563171506
3546767211629098

 "日本萝莉暗黑老师大雷" UID：

 "免费白嫖百度网盘会员svip365" UID：

 "免费白嫖百度网盘会员svip365" UID：

 "免费白嫖百度网盘会员svip365" UID：

