 "原神同人大佬" UID：
3546617925863927
3546665074035313
3546636538088397
3546665074035313
3546785878379455
3546786218117839
3546617925863927
3494351749515821
3546782621502097
3546696357251317
3546615468001725
3546735899052679
3546740932216872
3546665074035313
3546770453825608
3546775713483307
3546738113645029
3546779970702130
3546770453825608
646814842
599236650
3546764799904616
3546617925863927
3546766735575098
605364111
1719833502
3546605449906190
1792268520
605364111
605364111

 "同人总站" UID：
3546739275467712
3546739275467712
2032897021
3546739275467712
106817183
3546688344033469
3546699565893660
3493134300351155
670754379
1395981800
670754379
3493134300351155
40669195
3546658337982832
3546637911722478
3546637911722478
3546637911722478
3493278511008092
3493278511008092
3546617068128566
3546624880019962
3546624880019962
3546624880019962
3546617068128566
3546611068177177
3546617068128566
3546611068177177
3546613909817345
3546611068177177
3546564136011900

 "弹力摇" UID：
526877516
57217475
3546604950784427
3546780396423337
1798932936
233572908
3546585921227710
317128624
3546390665890285
241741992
435771559
1725889117
20912836
3546737094429319
68472709
525709838
300192422
104525467
3546764999133748
3493095475776043
247081307
2064444784
3546650024872068
345923501
454400943
26177922
3546583884892177
19511137
3546648468785873
3546583884892177

 "月入代价拒绝社交" UID：
587367628
491142309
1640434875
491142309
511389760
3546647999023983
3493267054266782
3546639813839640
347823435
520873149
3537105311500944
3537108836813373
3494378830039913
3546592856509096
3546385697737630
501533740
1339315455
3493269572946248
3493143792060976
3546597847730415
3537109140900442
3537105691085208
3494353496443718
3546565035689995
3546562856749864
1224529610
3537123810478607
1691236931
3494353666312618
3546383621556359

