 "原神同人大佬" UID：
3546378611460145
669386706
544543545
3493111732898341
3546722942847551
167460914
16038862
45996403
2129423232
3546661888461509
107318873
3546615509944913
1727725776
43855379
329778002
354495598
3546786186660425
3546689400998182
3494365095790831
1620832117
3546779970702130
3546696602618482
2085683699
1859779071
3546379324492695
3546773782006164
2085683699
3493121618872785
385125902
1585251606

 "同人总站" UID：
384925347
1729754926
3546678558722882
23091718
1979300898
1334935785
700822128
454149704
503258218
6377073
374818174
22311233
1619549806
2022251314
53110725
3493277988817501
38061207
3546759917734601
645762157
1009329809
1101476348
3546376923253289
331146658
501690053
587994730
1630625861
3546775713483307
1459936932
3546785941293895
3493077259913364

 "AKT新作品" UID：
40955233
42853238
294611905
1415280103
439018214
474826824
1633666681
1727725776
1768225483
3546686580328892
3546394411403957
504835337
1633928190
1446462069
3546707310676955
1879027803
3493130221389834
486954485
384925347
523050843
3493298006133038
1727725776
517196716
1203981456
3546617925863927
294611905
436986407
3546786218117839
325908414
548096997

 "VICINEKO新作品" UID：
1633666681
479636172
3546760119060995
517088787
3546617925863927
1257428014
1727725776
398095891
386115183
1727725776
2131451319
602012636
1998379350
486954485
19318789
341996746
3546394411403957
40955233
1260325944
439018214
1081493678
3546617925863927
294611905
1203981456
32241075
700822128
3546378611460145
645762157
3546615509944913
65328456

