 "ACT SLG ADV GAL游戏" UID：
369332515
2840297
3546642829544154
3926937
477894
1247173616
619897964
1465127479
3493115824442104
19571136
10296452
1708646944
341488503
359338040
3493115824442104
1026847559
520065939
3546709705623697
10813825
33250747
3546659386558977
438212807
3537114809502385
1765963971
226434354
24868113
1290061063
2024146516
623709969
3493086084729802

 "ACT SLG ADV GAL游戏" UID：
10813825
33250747
1614998202
1802213910
672514799
1290061063
346561966
3493086084729802
1765963971
2242934
190201204
228383554
619343
259961287
3546779505134549
3493115824442104
3546599349291156
17774009
53618176
599284767
10860024
3493133828491416
21155598
481356296
3461579209181942
8863674
3493093269571963
691120790
4055456
3546700635441718

 "ACT SLG ADV GAL游戏" UID：
3546598640454576
3546598640454576
619343
3546566390451169
10355008
383831199
383831199
10355008
645909450
1228126488

 "安卓直装神作" UID：
1514251547
352485305
15127077
11648477
513555193
1303149669
691120790
1176650348
1028730877
1653126028
1562948728
3546772236405084
3546781052832071
27013630
3461563048527899
1061882783
3546593359825612
3546695583402569
3546779521911314
519712411
494927708
440097289
1788107250
3546572507843379
3494374210013684
3546751443143536
239343186
438212807
1588796197
1101220503

 "安卓直装神作" UID：
3461565271509949
1860513723
1588796197
245044545
1101220503
436534706
410756668
3493132800887145
454980267
494927708
1282107982
114362622
1367710471
474924791
400631146
1376682929
631578742
3546670912506030
1285319705
1176650348
3494372192553231
3546685162654336
174980166
1463290564
409741753
3493115665058117
3546770680318339
699886349
336673915
3537118179625139

 "安卓直装神作" UID：
440609380
3546772236405084
3546772129450621
390006408
3546650358320040
239343186
3546784550882220
1610485128
3546672716057081
1587860860
26276136
1587860860
1587860860
1587860860
1587860860
35433992
3546687041701996
3546687041701996
3546780903934464
3546780130085349
10395096
60268727
405824281
3546777286347207
313122825
1587860860
1587860860
1587860860
1587860860
3546743211821879

 "全动态汉化游戏" UID：
1597108950
520168350
4204070
3546772236405084
531791764
114362622
2350587
189053451
50022492
314844
1282107982
241215063
360046931
10007515
26566594
1796861349
456201394
3546693165386233
3546642085054823
24705673
619343
3546685162654336
3546646176598282
1503980214
1403202106
3546687041701996
114362622
35907426
1189272560
519975773

 "全动态汉化游戏" UID：
1151536766
35907426
3546572507843379
411056985
1189272560
519975773
3537115314915449
9139292
1554519430
503307205
114362622
351607965
35907426
3546782661347753
14174954
1262499771
3546708571065035
3546683145193481
456201394
95193173
3546594448247681
511983200
35907426
3546602629237672
114362622
1600672384
484839768
319154728
3546391437642174
4224422

 "全动态汉化游戏" UID：
1743798136
3546646176598282
3546687041701996
3546775113697342
3546707566528853
3546700635441718
10007515
381503833
264281960
697539302
3546710416558871
494916334
3546594448247681
697539302
3546594448247681
1208450653
417491195
3546646176598282
3546646176598282
3537121841252835
3546555827095866
3546755553561437
3546715613301364
3546566392548181
2074071341
129208542
129208542
1116764967
3546614440397499
3546569024473612

 "崩铁同人" UID：
10671099
82802250
3546761421392142
10671099
20005292
3546689197574925
692752291
1117830599
3494365657827331
689981842
3546755721333236
600285389
102943
244120841
3546642221369354
3546615468001725
82802250
391552730
165509622
1998398321
1726481678
23091718
348453380
1759081474
694171527
388734590
325908414
3494365095790831
648346501
3493138201053286

 "崩铁同人" UID：
3493138201053286
3546615468001725
1726481678
359863790
3546777330387515
550186475
336157667
45996403
472277133
476714097
3546708178897216
102943
3546761421392142
426563671
87188890
1869317342
3493138201053286
473148497
16596675
3546765726845590
3546755721333236
313309022
3546755721333236
39937630
3546708178897216
3546772481771835
27534330
3546661888461509
3494369707428357
3546629103683759

 "崩铁同人" UID：
110906
3546755721333236
2154169
3546770453825608
1510576749
110906
474860836
298537106
498923785
3546770453825608
9669021
3546389141260762
474860836
3494369707428357
3494369707428357
27113844
102943
3546759341017910
102943
3546781363210398
110906
3546768306342398
321201227
482500548
693394197
3493143173400751
675091115
9669021
322294803
3493081127062022

 "原神同人大佬" UID：
527408854
3546786218117839
3546775749134681
1727725776
3546617925863927
3546615509944913
3537122065647819
3546589488482848
3546615468001725
3493116201929601
3546738113645029
3546615509944913
486954485
3537111078669205
3546617925863927
3546394411403957
597461
1727725776
93714982
3494351749515821
3546665074035313
3546617925863927
22613731
700822128
3546619670693956
3546785941293895
324028711
3546678558722882
3494365095790831
3546782028008281

 "原神同人大佬" UID：
3546378611460145
3493111732898341
669386706
544543545
3546722942847551
45996403
16038862
3546661888461509
3546615509944913
2129423232
3546786186660425
43855379
1727725776
1620832117
3546773782006164
3546689400998182
354495598
3546779970702130
2085683699
3546696602618482
3494365095790831
107318873
167460914
1859779071
329778002
2085683699
1718515
385125902
3493121618872785
3546758151932151

 "原神同人大佬" UID：
3546617925863927
3546665074035313
3546636538088397
3546665074035313
3546785878379455
3546786218117839
3546617925863927
3494351749515821
3546782621502097
3546696357251317
3546615468001725
3546735899052679
3546740932216872
3546665074035313
3546770453825608
3546775713483307
3546738113645029
3546779970702130
3546770453825608
646814842
599236650
3546764799904616
3546617925863927
3546766735575098
605364111
1719833502
3546605449906190
1792268520
605364111
605364111

 "同人总站" UID：
1727725776
433719928
42853238
1837691970
1597108950
1335461955
1727725776
365225583
346322692
3546617925863927
492821923
3546658337982832
3546786218117839
3546632966637623
3546783527471527
432502483
1530628534
3537122065647819
1446462069
3546775749134681
1633666681
3546617925863927
335997080
504835337
2088448685
3546617951029556
504835337
329547736
3206128
1729754926

 "同人总站" UID：
384925347
1729754926
1334935785
3546678558722882
23091718
1979300898
700822128
454149704
503258218
3493277988817501
374818174
6377073
1619549806
22311233
2022251314
53110725
3546759917734601
645762157
38061207
3546376923253289
1009329809
501690053
331146658
1101476348
1630625861
587994730
3546775713483307
3493077259913364
1459936932
3546785941293895

 "同人总站" UID：
3546739275467712
3546739275467712
2032897021
3546739275467712
106817183
3546688344033469
3546699565893660
3493134300351155
670754379
1395981800
670754379
3493134300351155
40669195
3546658337982832
3546637911722478
3546637911722478
3546637911722478
3493278511008092
3493278511008092
3546617068128566
3546624880019962
3546624880019962
3546624880019962
3546617068128566
3546611068177177
3546617068128566
3546611068177177
3546613909817345
3546611068177177
3546564136011900

 "sodeno19新作品" UID：
2138840249
53133915
700822128
20961442
1374736847
3494375271172232
445963905
34680779
375285911
239803068
12944570
592450466
303240597
1769580664
3546718725475222
303431934
3546615509944913
474826824
2017120970
895617
3493087353506552
3537113526045132
131566181
3461582189234513
1067345710
53133915
548096997
355092712
375707045
3494375271172232

 "sodeno19新作品" UID：
375707045
1068579138
3546713612618379
53133915
3546629309205411
3546631425231336
479694982
15166355
53133915
3461581782386729
1373176832
398095891
1731284
213846551
52257565
511045085
3546605909182739
455889581
375707045
178171015
415374958
303240597
3494361524341138
335177139
3493262365035460
494310
323712397
3546383573322462
303431934
329219622

 "sodeno19新作品" UID：
303240597
3461582189234513
3537113526045132
53133915
514786134
3494375271172232
1067345710
3461581782386729
53133915
323712397

 "AKT新作品" UID：
40955233
42853238
294611905
1415280103
439018214
1633666681
474826824
1727725776
1768225483
3546686580328892
504835337
1633928190
1446462069
3546707310676955
3493130221389834
3493298006133038
486954485
384925347
3546786218117839
3546394411403957
3546602220292513
1727725776
517196716
1203981456
3546617925863927
294611905
436986407
523050843
548096997
85398948

 "AKT新作品" UID：
32014460
3546602220292513
85398948
3493285911857890
165498898
313964211
689981842
313309022
23091718
1081493678
1979300898
446002802
3537122065647819
3494358693185618
1619549806
3546775749134681
3546720524831370
1882320700
1805753132
313309022
13805902
45996403
480780848
167361417
1456604763
544963
3461582189234513
3546678558722882
517088787
3546629103683759

 "AKT新作品" UID：
3546724943530439
3546724943530439
3546724943530439
3546724943530439
3546724943530439
3546724943530439
3546724943530439
3546724943530439
3546724943530439
3546724943530439
3546724943530439
3546724943530439
3546724943530439
3546724943530439
3546724943530439
3546724943530439
3546724943530439
3546724943530439
3546724943530439
3546724943530439
3546724943530439
3546724943530439
3546724943530439
3546724943530439
3546724943530439
3546724943530439
3546724943530439
3546724943530439
3546724943530439
3546724943530439

 "VICINEKO新作品" UID：
1633666681
3546760119060995
479636172
3546617925863927
517088787
1257428014
398095891
1727725776
386115183
1998379350
602012636
2131451319
1727725776
19318789
439018214
3546394411403957
40955233
1081493678
486954485
3537122065647819
341996746
3546617925863927
294611905
1203981456
700822128
32241075
65328456
645762157
43791565
23091718

 "VICINEKO新作品" UID：
341996746
23091718
3537122065647819
1260325944
3546617873434973
50997235
3546775749134681
492821923
1979300898
3494375271172232
1083495934
6377073
3546615509944913
493940312
45996403
1374736847
479636172
505793723
313075203
313309022
3493124716366096
3546379324492695
1363212749
3546664025459361
3493124716366096
3546555451706193
11310097
3546678772632382
3546592013453891
332896928

 "VICINEKO新作品" UID：
645762157
693555704
1257428014
3546680511170936
3546678772632382
165610783
165610783
165610783
3546602220292513
602012636
3546602220292513
3493124716366096
386115183
386115183
332896928
3493124716366096
3493124716366096
2129423232
3493124716366096
3493124716366096
3493087353506552
222496684
332896928
332896928
501944830
332896928
1081493678
592450466
526269442
3461566066329622

 "rinhee yesui" UID：
122420004
2089713088
167149520
3493080921541370
1537015961
303240597
303240597
303240597
326732342
95193173
498119009
37327171
71141004
3546777839995038
1766067835
1731284
1374736847
3537105013704884
518834035
3493104948611433
303240597
646196285
323712397
38541429
162589206
303240597
3493109532985878
3546618882165308
29150978
1849872

 "rinhee yesui" UID：
2146823789
29150978
3546618882165308
1849872
1020047942
53133915
3546617925863927
1731284
37932465
303240597
1731284
1020047942
5907649
1265680561
630896801
1731284
3546618882165308
415411774
1731284
1731284
525024
303240597
1731284
1731284
699886349
303240597
3546618882165308
1731284
1731284
196443583

 "rinhee yesui" UID：

 "帮帮我的孩子 求助 水滴筹" UID：
297515310
297515310
3546634002630696
1631387908
37890241
478235281
3546574506428612
601302110
279941881
3546712398366797
2080128108
1705932608
1235640290
482095372
3546743861938193
601587996
2022952844
11561502
3493262167902559
18435600
2069644796
3546565664836519
3546561931905148
3546733409732694
1679208761
3546733600573796
3546636414356454
1472015897
572503203
3546636414356454

 "帮帮我的孩子 求助 水滴筹" UID：
3546636414356454
690460299
490494088
75139618
3546636414356454
3494364491811695
1993043920
3856911
572503203
1983906218
1483377593
666843633
3546636414356454
1750228534
2022952844
3546592367872871
3537118978640066
1582908370
90446897
2022952844
265715673
155390978
3537118978640066
3493094720801196
130660980
1161998570
3494358179384151
3546726061312930
3546636414356454
221556656

 "帮帮我的孩子 求助 水滴筹" UID：
288611835
3546634002630696
1235640290
3546574506428612
3494366211475757
1994194781
225097139
297434372
279941881
1161998570

 "小蓝鸟反差博主推荐" UID：
3546740533758030
1700841875
3546771345115620
3546613700102530
1271045110
110904607
3546726623348764
3546726623348764
3546726623348764
3546759309560717
3546726625446599
1270769295
3493273746278979
3546726625446599
3546726625446599
3546780648081883
1666378019
520550931
3546755287223179
3546755287223179
520550931
3546726623348764
3546780394326932
3546776244063025
1666378019
3546711853108097
3546755287223179
3546747987036469
3546755287223179
10272440

 "小蓝鸟反差博主推荐" UID：
6966899
3546755287223179
3546711853108097
3546773840726709
3546755287223179
3493132230461794
22311233
3493110839511225
3546780532738929
3546613700102530
3494365460695664
1700841875
3493140759578659
3494353852959145
495042270
3546711853108097
302472188
3546771345115620
409604529
3546711853108097
3546780499183909
666801036
3546755287223179
520122010
25929017
3546693849057618
1365518500
14055804
3546755287223179
3546726623348764

 "小蓝鸟反差博主推荐" UID：
1700841875
3546711853108097
3546711853108097
3546774455192315
3546780648081883
3546711853108097
3546771345115620
3546771345115620
3546780648081883
3546759309560717
3546780394326932
3546711853108097
3546586372115357
3546780648081883
3546780648081883
3546780750842499
3546711853108097
3546711853108097
3546711853108097
281036831
3546711853108097
3546711853108097
3546711853108097
3546711853108097
3546711853108097
3546711853108097
3546711853108097
3546711853108097
3546711853108097
3546764313364490

 "弹力摇" UID：
526877516
57217475
3546604950784427
3546780396423337
1798932936
233572908
3546585921227710
3546390665890285
317128624
241741992
435771559
1725889117
20912836
3546737094429319
68472709
525709838
300192422
3546764999133748
3546650024872068
247081307
3493095475776043
2064444784
345923501
26177922
454400943
3546583884892177
3546648468785873
19511137
104525467
3546583884892177

 "弹力摇" UID：
104525467
3546583884892177
3546645855733958
360090654
436788615
3546583884892177
457726809
3546780396423337
95755602
192323298
1786870176
345531035
3546583884892177
190970635
360090654
197798876
494751954
3546583884892177
32803416
95755602
277602014
3493095475776043
3546633717418975
3546633717418975
268536810
499605056
3546737094429319
3546745388664969
3546583884892177
3546584428054798

 "弹力摇" UID：
671525913
3546648468785873
3546583884892177
3546780396423337
3546780396423337
3546764999133748
671525913
3546583884892177
671525913
3546648468785873
3546583884892177
499605056
451570427
3546568183515698
3546648468785873
671525913
3546737094429319
499605056
3546648468785873
313977313
313977313
671525913
384253068
670207440
3546648468785873
3546607242972092
3546583884892177
3546737094429319
671525913
671525913

 "盯榨倒计时" UID：
97501660
1433598692
307310113
34974285
506652400
3546735567702832
239147314
3546655372609885
13016032
527346785
3546753766787602
508176934
3546734435240463
1028091704
97501660
3546735567702832
3546693802920418
3546642657577614
691708088
482094725
3546682375539380
3546724605888810
3546717548972575
416283969
495199273
393694660
3546727007127734
1416603394
3546644182206917
1470192972

 "盯榨倒计时" UID：
1198056691
3537106276190293
508176934
3546722108181213
2601399
3546754280589385
3546683744979602
181849129
3546583547251306
3546722108181213
3546737799071850
3546683744979602
527346785
3546571541056152
3546717548972575
3546392586881641
3546705232398385
2064444784
483466816
3546722108181213
395078074
307310113
1768423795
2064444784
393694660
3546693704354214
324821605
411806998
594649534
3546723414706670

 "盯榨倒计时" UID：
3546757222894266
594649534
3546776365697430
3546757222894266
3546782164323012
3546757222894266
3546776365697430
3546757222894266
3546757222894266
1470192972
3546757222894266
3546757222894266
3546757222894266
3546757222894266
3546757222894266
3546757222894266
3546757222894266
3546757222894266
3546757222894266
3546757222894266
239147314
3546602752969542
3546602752969542
3249905
3546602752969542
13016032
487212819
487212819
487212819
487212819

 "月入代价拒绝社交" UID：
3546642282187093
3546642271701846
1490666775
3546642267507142
3546646201763925
3546641533503496
3546647999023983
3546650142312907
49839041
3546649515264204
3546645299988816
3546646231124952
3546645973174998
253537481
3461580821892017
298241221
3546647906748978
652522840
3493126943542033
3546606066468941
652239127
3546715963525651
3546650154896208
1466447046
3546639818033375
3546559341923265
2042031680
454220370
587367628
491142309

 "月入代价拒绝社交" UID：
491142309
491142309
1640434875
3546647999023983
511389760
3493267054266782
3546639813839640
520873149
347823435
1286368235
3537105311500944
3537108836813373
3493143792060976
3494378830039913
3546592856509096
3546385697737630
501533740
3493273104549913
3494368753224474
3546375253919795
3493269572946248
3546597847730415
1339315455
3537109140900442
3537105691085208
3494353496443718
3546559708924707
1224529610
3546562856749864
3546565035689995

 "月入代价拒绝社交" UID：
3546645065107840
3546645107050974
3546653193669203
3546645402749911
3546645415332824
3494356239518126
3461580719131269
3546652723906878
3546652723906784
3546644712786498
3546652233173893
3546651021019821
3546645107050974
3546642282187093
3546642263312902
1379489109
3546651379632676
3546640075983026
3546642198301473
3546642338810733
3546642340907017
3546649414601348
3546645077691213
3546640099051717
3546650106661840
3546650104564179
3546649553013307
3546647978051758
3546643301403435
3546649553013615

 "原神崩铁不正经cos大电影" UID：
652424729
317942112
3546779970702130
652424729
1928699576
3546770453825608
268536810
1238753571
52250
3546701096814997
652424729
3546735899052679
182679230
3015651
210291
297122199
3949877
3546763623402166
3066511
486954485
11742550
1607873297
606621984
3546581934541205
14158002
3493295042857102
590613318
6768352
3546582326708660
11742550

 "原神崩铁不正经cos大电影" UID：
27534330
454639870
11855362
317942112
357301650
11742550
2085683699
480063150
2144543
3546582326708660
11742550
3493277087042285
3546636580031225
11742550
67109379
3494365095790831
3546731763468579
4461993
8936293
3546588641233737
317942112
6768352
3546583090072549
7967009
11742550
1360010
34332497
3546581934541205
2337499
11742550

 "原神崩铁不正经cos大电影" UID：
3546770453825608
373998252
6786221
3546705377102335
485044985
130715798
2113741280
3546649609636377
651405543
37027998
1986811825
1666599
25290185

 "套路直播芃芃大人" UID：
3546636219321212
487212819
30216138
500935494
408564972
97501660
390001271
416217601
487079735
3546640333933434
97501660
30216138
3546715873347828
3546653954934916
3546689512147739
257651582
30216138
3546743878715508
1723205552
1723205552
501190261
487212819
421152335
36879494
421152335
97501660
3546640333933434
500935494
19559457
421152335

 "套路直播芃芃大人" UID：
498555738
421152335
3546740286294179
3546751195679487
97501660
3546743878715508
3546742890956818
3546743878715508
72638562
629545145
3546653954934916
599512063
3546742890956818
3546653954934916
3546715873347828
1723205552
280257246
3546617898601146
476161375
343226374
487079735
1421722901
421152335
283823860
432430211
3546715873347828
3546384946956724
3546745810192626
3546745810192626
3546715873347828

 "套路直播芃芃大人" UID：
3546636219321212
1421722901
3546755691973092
3546755691973092
3546753766787602
3546755691973092
3546755691973092
3546753766787602
3546755691973092
387670667
3546755691973092
3546755691973092
3546743878715508
3546743878715508
408564972
1723205552
1723205552
1309802118
3546638381484131
1723205552
97501660
97501660
97501660
3546645585201844
97501660
3546640333933434
3546636561156753

 "这个逆天视频终于替大家找到了" UID：
281257120
281273427
3546768270690495
281272637
281237024
281273107
281238546
281231201
281273095
281230083
281255181
281231221
281089942
281091360
281231201
281090557
281272285
1965705943
281090873
281232852
281058656
496235277
281090199
281231186
3546660659530171
281092247
3546573837437354
281255179
281231214
281090570

 "这个逆天视频终于替大家找到了" UID：
281090570
314007312
496235277
281255210
271476029
281272285
281272638
281255181
281255098
281066731
281092677
281055929
281238543
281092544
281238555
281092544
281235351
281255210
281231186
281257201
281502933
3546575523547290
281272340
3546707788826887
281079312
58282150
332293002
281065992
281066748
281237044

 "这个逆天视频终于替大家找到了" UID：

 "日本萝莉暗黑老师大雷" UID：
3546745271225187
3546737585162961
3546744803560057
3546749566192066
288133845
2014063340
3546764843944918
3546752630131304
3546764843944918
3546767182269254
280946927
3546752636422409
1512112517
3546767954020780
3546754819557977
3546784005622553
3546692645292741
3546767951923745
3546758275664326
3546781354821971
3546745275418902
657516
3546635239950522
500773410
3546755819899641
1512112517
3546768662858679
3546776728504551
3546767954020780
3546752634325524

 "日本萝莉暗黑老师大雷" UID：
3546767954020780
3546752634325524
2014063340
3546765399689971
3546767077411095
3493277833628217
3546767933049035
3546703059748902
3546745281710441
2014063340
3546756339992627
3546767211629535
3546745271225187
281055290
3546767075314577
3546745271225187
3546758275664584
3546755826190525
3546697873492771
3546777290541907
3546692645292795
3494371108325448
3546742633007241
3546767954020780
3546760775469189
3546765470992572
3546767211629098
3546749377448468
3546777563171506
3546767211629098

 "日本萝莉暗黑老师大雷" UID：
3546767075314577
3546776451680913
3546770338482549
3546749566192066
3546745273321912
3546742630910566
3546745271225187
3546744803560057
3546680530045894
3546737585162961
3546692645292795
3546390936423068
3546615094708550
2014063340
2014063340
272536295
272536295

 "免费白嫖百度网盘会员svip365" UID：
544531426
3546611309349367
1695812796
52063301
3537117414165391
258946673
3494356136757670
267447210
3461566867442431
174319282
2116746105
1048056650
365158897
349524233
289678194
3546695889586462
258946673
1462846869
431041356
41037369
354520797
1549220635
455615200
175940903
1792698015
452375030
472298179
670096117
3546631179864846
21076817

 "免费白嫖百度网盘会员svip365" UID：
4678114
3493115056884656
513060701
309891078
1415043754
1197993448
1580317150
258946673
289521519
258946673
258946673
271926000
455017169
475243947
441334495
258946673
3493095129745600
3493265634494826
5590202
441334495
535020806
51976960
267447210
1406255334
267447210
258946673
475243947
21076817
350839341
109178212

 "免费白嫖百度网盘会员svip365" UID：
544531426
3537117414165391
5934560
431041356
97393218
437501724
257750083
5934560
431041356
97393218
257750083
437501724
99910884
99910884
5934560
257750083
437501724
431041356
5934560
97393218
257750083
437501724
99910884
5934560
431041356
97393218
257750083
437501724
99910884
99910884

