1750896
8028343
12805170
29722628
32539474
77050300
98791416
173770764
183063822
281271735
281565091
304710891
355943540
378017142
405997468
406462604
419249581
489029767
489790304
602889822
660479482
691186833
1082669615
1125156786
1569816485
1667439513
1684754060
1960000756
1998664855
2074071341
3461579133684287
3493129585953386
3493138794547262
3493261104646335
3546383271332117
3546611592465153
3546611600853614
3546631565740047
3546659795503269
3546668580473432
3546670765705345
3546670767802526
3546674886609369
3546676614662629
3546684437039374
3546685940697750
3546705823795924
3546734072433065
3546760213432633
3546765582142359
3546769826777206
3546770170710174
3546771561122606
3546778238454421
3546780463532202
3546781463874045
3546782189488367
3546782661347753
3546786645936310
3546786962606952
3546787826633398
3546788822779909
3546789426759970
3546791586826585
3546793438611982
3546793820293576
3546795265231422
3546796225726610
3546799132379386
