关键词 "安卓 直装" 的UID列表：
3546699565893963
3546691701574376
3546676614662629
3546657532677029
3546693760977023
3546678418213767
3493132184324964
1349318405
3546576930736675
14343162
2011381200
3546603893819885
3546706140465782
525273865
3493132073175945
3546649628510777
3546649116805249
3493142292597190
3493146124093975
3546697940601210
3546697940601210
646778389
3546616103438516
1999049326
368293313
3546561957071769
3546669119441058
3546686196550623
3546680859298191
3546556265400321
1587860860
3546680899144374
3546693731617357
3546598172789729
1015621206
330155843
397731486
3493117850290349
1410382021
3493132073175945
24431542
3546622300523404

关键词 "原神 同人" 的UID列表：
3546596711074144
3546596711074144
3461577286092920
174825297
174825297
174825297
174825297
174825297
174825297
174825297
174825297
383874138
174825297
174825297
174825297
174825297
3537121285507974
411046868
383874138
177241655
3546596711074144
1109338879
411046868
407815261
8302221
17202069
239695632
1983586
57965721
3493075364087809
3493075364087809
3537108857784376
3494378960063258
3461576933771824
3493075364087809
3493266727110916
11756175
3537108857784376
3494378960063258
1058429320
13807642
1885049333

关键词 "SLG" 的UID列表：
3546691701574376
306914514
3546692494297961
472253284
1974721178
11997177
210752
625389532
3546676373489704
3546657532677029
3546705641343760
383400884
3546696407583422
3546673225664566
325544442
3546671187233264
343561659
3546696313211535
3546592040716639
3546688346131071
548113299
31947530
35876
3546687631001691
688499435
3546677977811060
688499435
688499435
1721729213
1878448190
1878448190
1878448190
3546697940601210
3546697940601210
1878448190
1878448190
1878448190
1311015865
1878448190
1878448190
1878448190
3546696946551016

